(|project://SmallSql/src/smallsql/database/MemoryResult.java|:{253,252,251,250,249,248,120,247,119,246,118,117,116,115,114,113,112,111,110,109,108,107,106,105,226,225,224,223,222,221,220,219,218,217,216,215,214,213,212,211,43,42,41,40,39,38,36,35,34,33,32,31,30,29,27,26,25,24,23,22,21,20,19,18,17,16,15,14,13,12,11,10,9,8,7,6,5,4,3,2,1},
|project://SmallSql/src/smallsql/database/ExpressionFunctionLocate.java|:{55,54,53,52,51,50,49,48,47,46,39,38,37,36,35,34,33,27,26,25,24,23,22,21,20,19,18,17,16,15,14,13,12,11,10,9,8,7,6,5,4,3,2,1},
|project://SmallSql/src/smallsql/database/DataSource.java|:{37,36,35,34,33,32,31,30,29,27,26,25,24,23,86,22,85,21,84,20,83,19,82,18,81,17,80,16,15,14,13,12,11,10,9,8,7,6,5,4,3,2,1},
|project://SmallSql/src/smallsql/database/SSPreparedStatement.java|:{511,510,254,509,253,508,252,507,251,506,250,505,249,504,248,503,502,501,500,499,498,497,496,495,494,493,492,491,490,489,488,487,486,485,229,484,228,483,227,482,226,481,225,480,224,479,478,222,477,221,476,220,475,219,474,218,473,217,472,471,470,469,468,467,466,465,464,463,462,461,460,459,458,457,456,455,454,453,452,451,450,449,448,447,446,445,444,443,442,441,440,439,438,437,436,435,434,433,432,431,430,429,428,427,426,425,424,423,422,421,420,419,418,417,416,415,414,413,412,411,410,409,408,407,406,405,404,403,402,401,400,399,398,397,396,395,394,393,392,391,390,389,388,387,386,385,384,383,382,381,380,379,378,377,376,340,339,338,337,336,335,36,35,290,34,289,33,288,32,287,31,286,30,285,29,284,283,27,282,26,281,25,280,24,279,23,278,22,277,21,276,20,19,18,17,16,15,14,13,12,11,10,9,8,519,7,518,6,517,5,516,4,515,3,514,2,513,1,512},
|project://SmallSql/src/smallsql/database/Index.java|:{255,254,253,252,251,250,215,214,213,212,211,210,200,199,198,197,196,195,182,181,436,180,435,179,434,178,433,177,432,176,431,175,418,417,416,415,414,413,412,409,408,407,406,405,404,400,399,398,397,396,395,139,138,137,136,135,134,133,132,131,130,129,384,128,383,382,381,380,379,118,117,116,115,114,113,112,111,110,109,108,107,106,105,104,359,103,358,102,357,101,356,355,354,353,91,90,89,88,87,86,85,84,293,292,36,291,35,290,34,289,33,288,32,287,31,286,30,285,29,284,27,26,25,24,23,22,21,20,19,274,18,273,17,272,16,271,15,270,14,269,13,12,11,10,9,8,7,6,5,4,3,2,257,1,256},|project://SmallSql/src/smallsql/database/ExpressionFunctionChar.java|:{50,49,48,47,46,45,39,38,37,36,35,34,33,32,31,30,29,27,26,25,24,23,22,21,20,19,18,17,16,15,14,13,12,11,10,9,8,7,6,5,4,3,2,1},
|project://SmallSql/src/smallsql/database/Scrollable.java|:{127,126,125,124,123,122,121,120,247,246,245,244,243,242,240,239,238,237,236,235,234,233,232,231,230,229,228,227,226,225,224,223,95,94,93,92,91,90,68,67,66,65,64,63,62,61,60,59,38,37,36,35,34,33,32,31,30,29,155,27,154,26,153,25,152,24,151,23,150,22,21,20,19,18,17,16,15,14,13,12,267,11,266,10,265,9,264,8,263,7,262,6,261,5,260,4,131,259,3,130,258,2,257,129,1,128},
|project://SmallSql/src/smallsql/junit/TestStatement.java|:{243,242,241,240,239,238,237,228,227,226,225,224,223,215,214,213,212,211,210,52,307,51,306,50,305,49,304,48,303,47,302,46,301,45,300,44,299,42,297,41,296,40,295,39,294,38,293,37,292,36,35,290,34,289,33,288,287,286,285,284,27,282,26,281,25,280,24,279,23,278,22,277,21,20,275,19,274,18,273,17,272,16,271,15,270,14,269,13,12,267,11,266,10,265,9,264,8,263,7,262,6,5,4,3,2,1},
|project://SmallSql/src/smallsql/junit/TestOperatoren.java|:{243,242,241,240,239,238,237,236,235,234,233,222,221,220,219,218,217,216,215,214,213,212,173,172,171,170,169,168,166,165,164,163,162,161,159,158,157,156,155,154,153,152,151,150,149,148,147,146,145,143,142,141,140,139,138,137,136,135,134,133,132,131,130,129,128,127,126,125,124,123,122,121,120,119,118,117,112,111,110,109,108,107,106,105,104,103,102,101,100,99,98,97,96,95,94,93,85,84,83,82,81,80,79,77,76,75,74,73,72,71,70,69,68,67,66,65,64,63,58,57,56,55,54,53,52,51,50,49,48,47,46,45,44,43,42,41,40,38,37,36,35,34,33,32,31,30,29,284,283,27,282,26,281,25,280,24,279,23,278,22,277,21,276,20,275,19,274,18,273,17,272,16,271,15,270,14,269,13,268,12,11,10,9,8,7,6,5,4,3,2,1},
|project://SmallSql/src/smallsql/database/ExpressionFunctionInsert.java|:{59,58,57,56,55,54,53,35,34,33,32,31,30,29,27,26,89,25,88,24,87,23,86,22,85,21,84,20,19,18,17,16,15,14,13,12,75,11,74,10,73,9,72,8,71,7,70,6,69,5,68,4,3,2,1},
|project://SmallSql/src/smallsql/database/ExpressionFunctionDayOfWeek.java|:{51,50,49,48,47,46,39,38,37,36,35,34,33,32,31,30,29,27,26,25,24,23,22,21,20,19,18,17,16,15,14,13,12,11,10,9,8,7,6,5,4,3,2,1},
|project://SmallSql/src/smallsql/database/ExpressionValue.java|:{505,504,503,502,501,500,499,221,220,219,218,217,472,216,471,215,470,214,469,213,468,212,467,466,465,464,692,436,691,435,690,434,689,433,688,432,687,431,686,430,685,429,428,164,163,162,161,160,672,159,671,158,670,157,669,668,156,155,667,666,665,664,660,659,658,657,656,655,93,92,91,90,89,88,87,86,85,78,77,76,75,74,73,72,34,545,33,544,32,543,31,542,30,541,29,540,27,26,25,24,23,22,21,20,531,19,530,18,529,17,528,16,527,15,526,14,525,13,12,11,10,265,9,264,8,263,7,262,6,261,5,260,4,259,3,2,1},
|project://SmallSql/src/smallsql/database/ExpressionFunctionSign.java|:{51,50,49,48,47,46,39,38,37,36,35,34,33,32,31,30,29,27,26,25,24,23,22,21,20,19,18,17,16,15,14,13,12,11,10,9,8,7,6,5,4,3,2,1},
|project://SmallSql/src/smallsql/database/ExpressionFunctionDifference.java|:{57,56,55,54,53,52,51,50,49,48,47,46,39,38,37,36,35,34,33,32,31,30,29,27,26,25,24,23,22,21,20,19,18,17,16,15,14,13,12,11,10,9,8,7,6,5,4,3,2,1},
|project://SmallSql/src/smallsql/database/ColumnExpression.java|:{27,26,25,24,23,22,21,20,19,18,17,16,15,14,13,12,11,10,9,8,7,6,5,4,3,2,1},
|project://SmallSql/src/smallsql/database/ExpressionFunctionRound.java|:{74,73,72,71,70,69,68,67,66,65,63,62,61,60,59,58,57,56,55,54,53,52,51,50,49,48,47,46,45,44,43,42,41,40,35,34,33,32,31,30,29,27,26,25,24,23,22,21,20,19,18,17,16,15,14,13,12,11,10,9,8,7,6,5,4,3,2,1},|project://SmallSql/src/smallsql/database/ExpressionFunctionACos.java|:{35,34,33,32,31,30,29,27,26,25,24,23,22,21,20,19,18,17,16,15,14,13,12,11,10,9,8,7,6,5,4,3,2,1},|project://SmallSql/src/smallsql/database/ExpressionFunctionTruncate.java|:{74,73,72,71,70,69,68,67,66,65,63,62,61,60,59,58,57,56,55,54,53,52,51,50,49,48,47,46,45,44,43,42,41,40,35,34,33,32,31,30,29,27,26,25,24,23,22,21,20,19,18,17,16,15,14,13,12,11,10,9,8,7,6,5,4,3,2,1},|project://SmallSql/src/smallsql/database/ExpressionFunctionLength.java|:{51,50,49,48,47,46,39,38,37,36,35,34,33,32,31,30,29,27,26,25,24,23,22,21,20,19,18,17,16,15,14,13,12,11,10,9,8,7,6,5,4,3,2,1},|project://SmallSql/src/smallsql/database/ExpressionFunctionLeft.java|:{63,62,61,60,59,58,57,56,55,54,53,52,51,50,49,48,47,46,45,39,38,37,36,35,34,33,32,31,30,29,27,26,25,24,23,22,21,20,19,18,17,16,15,14,13,12,11,10,9,8,7,70,6,69,5,68,4,67,3,66,2,65,1,64},|project://SmallSql/src/smallsql/database/language/Language_en.java|:{35,34,33,32,31,30,29,28,27,26,25,24,23,22,21,20,19,18,17,16,15,14,13,12,11,10,9,8,7,6,5,4,3,2,1},|project://SmallSql/src/smallsql/junit/TestScrollable.java|:{127,126,125,124,123,118,117,116,115,242,114,241,113,240,112,239,111,238,110,237,109,96,95,94,93,92,91,86,85,84,83,82,81,80,79,78,77,63,62,61,60,59,58,181,53,180,52,179,51,178,50,177,49,176,48,175,47,174,46,173,45,44,40,39,166,38,165,37,164,36,163,35,162,34,161,33,27,154,26,153,25,152,24,151,23,150,22,149,21,148,20,147,19,146,18,145,17,16,143,15,142,14,141,13,140,12,139,11,138,10,137,9,136,8,135,7,6,261,5,260,4,259,3,258,2,257,1,256,128},|project://SmallSql/src/smallsql/database/ExpressionName.java|:{63,62,163,35,162,34,161,33,160,32,159,31,158,30,29,27,26,25,24,151,23,150,214,22,149,213,21,148,212,20,147,211,19,146,210,18,209,17,208,16,207,15,206,14,13,12,11,10,9,8,7,6,69,5,68,4,67,3,66,2,65,1,64},|project://SmallSql/src/smallsql/database/TableView.java|:{111,110,109,108,107,106,105,104,103,102,101,100,99,35,34,33,32,31,30,29,27,26,25,24,23,22,21,20,147,19,146,18,145,17,144,16,143,15,142,14,13,12,11,10,9,8,7,6,5,4,3,2,1},|project://SmallSql/src/smallsql/database/ExpressionFunctionPower.java|:{48,47,46,45,44,43,42,41,40,35,34,33,32,31,30,29,27,26,25,24,23,22,21,20,19,18,17,16,15,14,13,12,11,10,9,8,7,6,5,4,3,2,1},|project://SmallSql/src/smallsql/database/ExpressionFunctionPI.java|:{35,34,33,32,31,30,29,27,26,25,24,23,22,21,20,19,18,17,16,15,14,13,12,11,10,9,8,7,6,5,4,3,2,1},|project://SmallSql/src/smallsql/junit/AllTests.java|:{36,35,34,33,32,31,30,29,27,26,25,24,23,22,21,20,19,18,17,16,15,14,13,12,11,10,9,8,7,6,5,4,3,2,1},|project://SmallSql/src/smallsql/database/Join.java|:{167,166,165,164,163,35,162,34,161,33,160,32,31,30,29,92,91,27,90,26,89,25,88,24,87,23,22,21,20,19,18,17,80,16,79,15,78,14,77,13,76,12,75,11,10,9,8,7,6,5,4,3,2,1},|project://SmallSql/src/smallsql/database/SQLToken.java|:{38,37,36,35,34,33,32,31,30,29,27,26,25,24,23,22,21,20,19,18,17,16,15,14,13,12,11,10,9,8,7,6,5,4,3,2,1},|project://SmallSql/src/smallsql/junit/TestGroupBy.java|:{63,62,61,60,59,58,42,41,40,39,38,37,34,33,32,31,30,29,27,90,26,89,25,88,24,87,23,86,22,85,21,84,20,19,18,17,16,15,14,13,12,11,10,9,8,7,6,5,4,3,2,1},|project://SmallSql/src/smallsql/database/ExpressionFunctionReturnString.java|:{99,98,97,96,95,94,93,92,91,90,89,88,87,86,85,84,83,82,81,80,79,78,77,76,75,74,73,72,71,70,69,68,67,66,65,64,63,62,61,60,59,58,57,56,55,54,53,52,51,50,49,48,47,46,45,44,43,42,41,39,38,37,36,35,34,33,32,31,30,29,27,26,25,24,23,22,21,20,19,18,17,16,15,14,13,12,11,10,9,8,7,6,5,4,3,2,1},|project://SmallSql/src/smallsql/database/ExpressionFunctionLTrim.java|:{57,56,55,54,53,52,51,50,49,48,47,46,45,39,38,37,36,35,34,33,32,31,30,29,27,26,25,24,23,22,21,20,19,18,17,16,15,14,13,12,11,10,73,9,72,8,71,7,70,6,69,5,68,4,67,3,66,2,1},|project://SmallSql/src/smallsql/junit/TestAlterTable.java|:{118,117,116,115,114,113,49,48,47,46,45,44,43,42,41,40,39,38,37,36,35,34,95,94,93,92,91,90,22,21,20,19,18,17,16,11,10,9,8,7,6,5,4,3,2,1},|project://SmallSql/src/smallsql/junit/TestIdentifer.java|:{40,39,38,37,36,35,34,33,32,31,30,29,27,26,25,24,23,22,21,20,19,18,17,16,15,14,13,12,11,10,9,8,7,6,5,4,3,2,1},|project://SmallSql/src/smallsql/database/Money.java|:{36,35,34,33,32,31,30,29,27,26,25,24,23,22,21,20,147,19,146,18,145,17,144,16,143,15,142,14,13,12,11,10,9,8,7,6,5,4,3,2,1},|project://SmallSql/src/smallsql/database/Strings.java|:{62,61,60,59,58,57,55,54,53,52,51,50,49,48,27,26,25,24,23,22,21,20,19,18,17,16,15,14,13,12,11,10,9,8,7,6,5,4,3,2,1},|project://SmallSql/src/smallsql/tools/CommandLine.java|:{},|project://SmallSql/src/smallsql/database/LongTreeList.java|:{511,510,254,509,253,508,252,507,251,506,250,505,249,504,248,503,247,246,245,494,493,492,491,490,489,488,487,446,445,444,443,442,441,400,399,398,397,396,395,393,392,391,390,389,388,386,385,384,383,382,381,380,379,378,377,360,359,358,357,356,355,354,353,352,351,348,347,346,345,344,343,341,340,339,338,337,336,335,334,333,332,321,320,319,318,317,316,315,314,313,312,311,310,309,565,308,564,563,562,561,560,38,37,36,35,34,33,32,31,30,29,27,26,25,24,23,22,21,20,19,18,17,16,15,526,14,525,13,524,12,523,11,522,10,521,9,8,7,6,5,4,3,2,1,512},|project://SmallSql/src/smallsql/database/SortedResult.java|:{249,248,247,246,245,244,243,242,241,240,205,204,203,202,201,200,190,189,188,187,186,185,184,183,182,181,180,179,128,127,126,125,124,123,122,107,106,105,104,103,102,101,100,99,98,97,87,86,85,84,83,82,81,80,79,78,77,76,321,320,319,318,317,316,315,314,313,312,310,309,308,307,306,305,304,302,301,300,299,298,297,296,295,294,293,37,292,36,291,35,290,34,289,33,288,32,287,31,286,30,285,29,27,26,25,24,23,22,21,20,19,18,17,16,15,14,269,13,268,12,267,11,266,10,265,9,264,8,263,7,262,6,261,5,260,4,3,2,1},|project://SmallSql/src/smallsql/database/LongList.java|:{63,62,61,59,58,57,56,55,54,53,52,35,34,33,32,31,30,29,27,26,25,24,23,22,21,20,19,18,17,16,15,14,13,12,11,10,9,8,7,6,5,4,3,66,2,65,1,64},|project://SmallSql/src/smallsql/database/ExpressionFunctionTimestampAdd.java|:{127,64,63,62,61,60,59,58,57,56,55,54,39,38,37,36,35,34,33,32,31,30,29,27,26,25,24,23,22,21,20,19,146,18,145,17,144,16,143,15,142,14,141,13,12,139,11,138,10,137,9,136,8,135,7,134,6,5,132,4,131,3,130,2,129,1,128},|project://SmallSql/src/smallsql/database/CommandSelect.java|:{502,501,500,499,498,497,496,495,486,485,356,484,355,483,354,482,353,481,352,480,351,479,444,443,442,441,440,439,438,437,37,36,35,34,33,32,31,30,29,27,26,25,24,23,22,21,20,19,18,17,16,15,14,13,396,12,395,11,394,10,393,9,392,8,391,7,6,5,4,3,2,1},|project://SmallSql/src/smallsql/database/SmallSQLException.java|:{46,45,44,43,42,41,34,33,32,31,30,29,27,26,25,24,23,22,21,20,19,18,17,16,15,14,13,12,11,10,9,8,7,6,5,4,3,2,1},|project://SmallSql/src/smallsql/database/Identity.java|:{122,121,120,119,118,117,116,115,114,113,112,111,110,109,108,107,106,105,104,103,102,101,100,99,98,97,96,95,94,93,92,91,38,37,36,35,34,33,27,26,25,24,23,22,21,20,19,18,17,16,15,14,13,12,11,10,9,8,7,6,5,4,3,2,1},|project://SmallSql/src/smallsql/database/ExpressionFunctionCharLen.java|:{60,59,58,57,56,55,54,53,52,51,50,49,48,47,46,37,36,35,34,33,32,31,30,29,27,26,25,24,23,22,21,20,19,18,17,16,15,14,13,12,11,10,9,8,7,6,5,4,3,2,1},|project://SmallSql/src/smallsql/database/TableTruncate.java|:{12,11,10,9,8,7},|project://SmallSql/src/smallsql/database/NoFromResult.java|:{53,52,51,50,49,48,47,46,45,44,171,170,169,168,167,166,165,27,26,25,24,151,23,150,22,149,21,148,20,147,19,146,18,145,17,144,16,143,15,142,14,141,13,140,12,139,11,138,10,137,9,136,8,7,6,5,4,3,2,1},|project://SmallSql/src/smallsql/database/ExpressionFunctionIIF.java|:{39,38,37,36,35,34,33,27,26,25,24,23,22,21,20,19,18,17,16,15,14,13,12,11,10,9,8,7,6,5,4,3,2,1},|project://SmallSql/src/smallsql/database/FileIndexNode.java|:{36,35,34,33,32,31,30,29,27,26,25,24,23,22,21,20,19,18,17,16,15,14,13,12,11,10,9,8,7,6,5,4,3,2,1},|project://SmallSql/src/smallsql/database/ExpressionFunctionCot.java|:{35,34,33,32,31,30,29,27,26,25,24,23,22,21,20,19,18,17,16,15,14,13,12,11,10,9,8,7,6,5,4,3,2,1},|project://SmallSql/src/smallsql/junit/BenchTest.java|:{508,507,506,505,504,503,502,501,500,499,498,497,494,493,492,491,490,489,488,487,486,485,484,483,482,481,480,479,478,477,476,475,474,473,472,471,470,469,468,467,453,452,451,450,449,448,447,446,445,444,443,442,441,440,439,438,437,436,435,434,433,432,431,430,429,428,427,426,425,424,423,422,421,420,419,418,417,416,415,414,413,404,403,402,401,400,399,398,397,396,368,367,366,365,364,363,362,361,360,359,358,357,356,355,354,329,328,327,326,325,324,323,322,321,320,319,318,317,316,307,306,305,304,303,302,301,300,299,298,284,283,282,281,280,279,247,246,245,244,243,242,241,240,239,238,237,236,235,215,214,213,212,211,210,209,208,207,206,205,204,203,202,194,193,192,191,190,189,188,187,186,185,184,183,182,181,180,179,178,177,176,175,687,174,686,685,684,683,682,681,680,679,678,677,676,675,674,673,672,160,671,159,670,158,157,156,155,154,153,152,151,662,150,661,149,660,148,659,147,658,657,656,655,654,653,135,646,134,645,133,644,132,643,131,642,130,129,641,640,128,639,127,638,126,637,125,636,124,635,123,634,122,633,121,632,120,631,119,630,629,625,624,623,622,621,620,619,618,617,616,103,102,101,100,99,98,608,607,606,605,604,603,602,601,600,599,598,597,596,563,562,561,560,559,558,557,556,555,554,553,552,551,550,549,548,36,547,35,34,33,32,31,30,541,29,540,539,27,538,26,537,25,536,24,535,23,534,22,533,21,532,20,531,19,530,18,17,528,16,527,15,526,14,525,13,524,12,523,11,10,9,8,7,6,5,4,3,2,1},|project://SmallSql/src/smallsql/database/Logger.java|:{27,26,25,24,23,22,21,20,19,18,17,16,15,14,13,12,11,10,9,8,7,6,5,4,3,2,1},|project://SmallSql/src/smallsql/database/ExpressionFunction.java|:{38,37,36,99,35,98,34,97,33,96,32,95,31,94,30,93,29,92,91,27,90,26,89,25,24,23,22,21,20,19,18,17,16,15,14,13,12,11,10,9,8,7,6,5,4,3,2,1},|project://SmallSql/src/smallsql/database/ExpressionFunctionReturnFloat.java|:{63,62,61,47,46,45,44,43,42,41,40,39,38,37,35,34,33,32,31,30,29,27,26,25,24,23,22,21,20,19,18,17,16,15,14,13,12,11,10,9,8,7,6,5,68,4,67,3,66,2,65,1,64},|project://SmallSql/src/smallsql/database/UnionAll.java|:{219,218,217,216,215,214,213,212,211,210,79,78,77,205,76,204,75,203,74,202,201,200,199,180,179,178,177,176,175,40,39,38,37,36,35,34,33,27,26,25,24,23,22,21,20,19,18,17,16,15,270,14,269,13,268,12,267,11,266,10,265,9,8,7,6,5,4,3,2,1},|project://SmallSql/src/smallsql/database/Column.java|:{126,125,124,123,122,121,36,35,34,33,32,31,30,29,28,27,26,25,24,23,22,21,20,83,19,82,18,81,17,80,16,79,15,78,14,13,12,11,10,9,8,7,6,5,4,3,2,1},|project://SmallSql/src/smallsql/database/LongLongList.java|:{35,34,33,32,31,30,29,27,26,25,24,23,22,21,20,19,18,17,80,16,79,15,78,14,77,13,76,12,75,11,10,9,8,7,6,5,4,3,2,1},|project://SmallSql/src/smallsql/database/MutableFloat.java|:{73,72,71,70,69,68,67,66,65,64,63,62,61,60,59,58,57,56,55,54,53,52,51,50,49,48,47,46,45,44,38,37,36,35,34,33,32,31,30,29,27,26,25,24,23,22,21,20,19,18,17,16,15,14,13,12,11,10,9,8,7,6,5,4,3,2,1},|project://SmallSql/src/smallsql/database/StoreNoCurrentRow.java|:{40,39,38,37,36,35,34,33,32,31,30,29,27,26,25,24,23,22,21,20,19,18,17,16,15,14,13,12,11,10,9,8,7,6,5,4,3,2,1},|project://SmallSql/src/smallsql/database/CreateFile.java|:{31,30,29,28,27,14,13,12,43,11,10,42,9,41,40,39,38,37,33,32},|project://SmallSql/src/smallsql/database/Expression.java|:{111,110,109,172,108,171,107,170,106,105,169,168,167,166,35,34,33,32,31,30,29,27,26,25,24,23,22,21,20,19,18,17,16,15,14,13,12,11,10,9,8,7,6,5,4,3,2,1},|project://SmallSql/src/smallsql/database/ExpressionInSelect.java|:{40,39,38,37,36,35,34,33,27,26,25,24,23,22,21,20,19,18,17,16,15,14,13,12,11,10,9,8,7,6,5,4,3,2,1},|project://SmallSql/src/smallsql/database/Mutable.java|:{38,37,36,35,34,33,32,31,30,29,27,26,25,24,23,22,21,20,19,18,17,16,15,14,13,12,11,10,9,8,7,6,5,4,3,2,1},|project://SmallSql/src/smallsql/database/ExpressionFunctionReturnP1StringAndBinary.java|:{94,93,92,91,90,89,88,87,86,85,84,83,82,81,80,79,78,77,76,75,74,73,72,71,70,69,68,67,66,65,64,63,62,61,60,59,58,57,56,55,54,53,52,51,50,49,48,47,46,45,44,43,42,37,36,35,34,33,32,31,30,29,27,26,25,24,23,22,21,20,19,18,17,16,15,14,13,12,11,10,9,8,7,6,5,4,3,2,1},|project://SmallSql/src/smallsql/junit/BasicTestCase.java|:{110,109,108,107,106,105,104,103,36,35,34,33,32,31,29,28,27,26,25,24,23,22,21,20,19,18,17,16,15,14,13,12,11,10,9,8,7,6,197,5,196,4,195,3,194,2,193,1,192},|project://SmallSql/src/smallsql/database/language/Language_it.java|:{52,51,50,49,48,47,46,45,44,43,42,41,40,35,34,33,32,31,30,29,28,27,26,25,24,23,22,21,20,19,18,17,16,15,14,13,12,11,10,9,8,7,6,5,4,3,2,1},|project://SmallSql/src/smallsql/database/StorePageLink.java|:{27,26,25,24,23,22,21,20,19,18,17,16,15,14,13,12,11,10,9,8,7,6,5,4,3,2,1},|project://SmallSql/src/smallsql/junit/TestExceptions.java|:{36,35,34,33,32,31,30,29,27,26,25,24,23,22,21,20,19,18,17,16,15,14,13,12,11,10,9,8,7,6,5,4,3,2,1},|project://SmallSql/src/smallsql/database/Command.java|:{126,125,124,123,122,121,115,114,113,112,111,110,39,38,37,36,35,34,33,32,31,30,29,27,26,25,24,23,22,21,20,19,18,145,17,144,16,143,15,142,14,141,13,140,12,139,11,138,10,9,8,7,6,5,4,3,2,1},|project://SmallSql/src/smallsql/database/CommandCreateView.java|:{36,35,34,33,32,31,30,29,27,26,25,24,23,22,21,20,19,18,17,16,15,14,13,12,11,10,9,8,7,6,5,4,3,2,1},|project://SmallSql/src/smallsql/database/ExpressionFunctionCeiling.java|:{35,34,33,32,31,30,29,27,26,25,24,23,22,21,20,19,18,17,16,15,14,13,12,11,10,9,8,7,6,5,4,3,2,1},|project://SmallSql/src/smallsql/database/ExpressionArithmetic.java|:{511,510,765,509,764,508,763,507,762,506,761,505,760,504,503,502,501,500,499,243,498,242,497,241,496,240,495,239,494,238,493,492,236,491,235,490,234,489,233,488,232,487,231,486,230,485,229,484,228,227,226,225,224,722,721,720,719,718,717,716,715,714,713,198,197,196,195,194,193,189,700,188,699,187,698,186,697,185,696,184,695,183,694,182,693,181,692,180,691,179,169,168,167,166,165,164,675,163,674,162,673,161,672,160,671,159,670,669,668,667,666,334,333,332,331,330,329,328,327,326,325,324,323,322,321,320,319,318,317,316,315,805,37,804,36,803,35,802,34,801,33,800,32,31,286,30,285,29,284,283,27,282,26,281,25,280,24,279,23,278,22,533,277,21,532,276,20,531,275,19,530,274,18,529,273,17,528,272,16,527,271,15,526,270,14,525,269,13,268,12,267,11,10,9,8,7,774,6,773,5,772,4,515,771,3,514,770,2,513,769,1,512},|project://SmallSql/src/smallsql/junit/TestJoins.java|:{221,220,219,218,217,216,215,214,213,212,211,210,209,208,207,206,205,168,167,166,165,164,163,162,161,160,159,157,156,155,154,153,152,151,150,149,148,147,146,145,144,143,142,141,140,139,138,137,136,135,134,133,132,131,86,85,84,83,82,81,80,79,78,77,76,75,74,73,72,71,70,69,68,67,66,65,61,60,59,58,57,56,55,54,53,52,51,50,49,48,47,39,38,37,36,35,34,33,32,31,30,29,27,26,25,24,23,22,21,20,19,18,17,16,15,14,13,12,11,10,9,8,7,6,5,4,3,2,1},|project://SmallSql/src/smallsql/database/TableStorePage.java|:{36,35,34,33,32,31,30,29,27,26,25,24,23,22,21,20,19,18,17,16,15,14,13,12,11,10,9,8,7,6,5,4,3,2,1},|project://SmallSql/src/smallsql/database/MutableNumeric.java|:{383,382,381,380,240,239,238,237,236,491,235,490,489,488,487,486,218,217,216,215,214,213,595,594,593,592,591,590,172,171,170,169,168,167,36,35,34,33,32,31,30,29,27,26,25,24,23,22,21,20,19,18,17,16,15,14,13,12,11,10,9,8,7,6,5,4,3,386,2,385,1,384},|project://SmallSql/src/smallsql/database/ExpressionFunctionUCase.java|:{63,62,61,60,59,58,57,56,55,54,53,52,51,50,49,48,47,46,45,39,38,37,36,35,34,33,32,31,30,29,28,27,26,25,24,23,22,21,20,19,18,17,16,15,14,13,12,11,10,9,8,7,6,5,4,3,2,1},|project://SmallSql/src/smallsql/database/TableViewMap.java|:{44,43,42,41,40,39,27,26,25,24,23,22,21,20,19,18,17,16,15,14,13,12,11,10,9,8,7,6,5,4,3,2,1},|project://SmallSql/src/smallsql/database/FileIndex.java|:{27,26,25,24,23,22,21,20,19,18,17,16,15,14,13,12,11,10,9,8,7,6,5,4,3,2,1},|project://SmallSql/src/smallsql/database/ExpressionFunctionReturnP1Number.java|:{43,106,42,105,41,104,40,103,39,102,38,101,93,92,91,27,90,26,89,25,88,24,87,23,86,22,85,21,84,20,83,19,82,18,81,17,80,16,79,15,14,13,12,11,10,9,8,7,6,5,4,3,2,1},|project://SmallSql/src/smallsql/junit/TestMoneyRounding.java|:{63,62,61,60,59,58,57,56,55,54,53,52,39,38,37,36,35,34,33,32,31,30,29,27,26,25,24,23,22,21,20,19,18,17,16,15,14,13,12,11,10,9,8,7,6,5,4,3,2,65,1,64},|project://SmallSql/src/smallsql/junit/TestDeleteUpdate.java|:{40,39,38,37,36,35,34,33,32,31,30,29,27,26,25,24,23,22,21,20,19,18,17,16,15,14,13,12,11,10,9,8,7,6,5,4,3,2,1},|project://SmallSql/src/smallsql/junit/TestLanguage.java|:{248,247,246,245,244,243,242,111,110,109,108,107,106,91,90,89,88,87,86,75,74,73,72,71,70,176,175,174,173,172,171,170,169,34,33,32,31,30,29,28,27,26,25,24,23,22,21,20,19,18,17,16,15,14,13,12,11,10,9,8,135,7,262,134,6,261,133,5,260,132,4,259,131,3,258,130,2,257,129,1,256},|project://SmallSql/src/smallsql/database/StoreImpl.java|:{1023,1022,1021,1020,1009,1008,1007,1006,1005,1004,1003,1002,1001,1497,1496,1495,1494,1493,1492,1491,1490,1489,1488,1487,1486,1485,972,1484,971,1483,970,1482,969,1481,968,1480,967,1479,966,1478,965,1477,964,1476,1475,962,1474,961,1473,960,1472,959,1471,958,1470,957,1469,956,1468,955,1424,1423,1422,1421,396,1420,395,1419,394,393,904,392,903,391,902,901,900,899,898,896,895,894,893,892,891,890,889,375,374,1398,373,1397,372,1396,371,1395,370,1394,1393,1392,1391,1378,1377,1376,1375,1374,1373,1372,1371,1370,1369,1368,1367,1366,1331,1330,1329,1328,1327,1326,1325,1324,1311,1310,1309,1308,1307,1306,1305,1304,1303,1302,1301,1300,1299,1298,1297,1296,1265,1264,1263,1262,1261,1260,1240,1239,1238,1237,1236,1235,1234,702,701,700,699,698,697,696,695,694,693,692,691,1203,690,1202,689,1201,688,1200,687,1199,686,1198,685,684,683,682,681,680,679,672,671,670,669,668,667,1139,1138,1137,1136,1135,1134,1133,1132,1131,1105,1104,1103,1102,1101,1100,1099,1098,1097,1096,1095,1094,1092,1091,1090,1089,1088,1087,1086,1085,1074,1073,1072,1071,1070,1069,1068,1067,1066,36,35,34,33,32,31,30,29,27,26,25,24,23,22,21,20,19,18,17,1040,16,1039,15,1038,14,1037,13,1036,12,1035,11,1034,10,1033,9,1032,8,1031,7,1030,6,1029,5,4,1027,3,1026,2,1025,1,1024},|project://SmallSql/src/smallsql/database/ExpressionFunctionRand.java|:{34,33,32,31,30,29,27,26,25,24,23,22,21,20,19,18,17,16,15,14,13,12,11,10,9,8,7,6,5,4,3,2,1},|project://SmallSql/src/smallsql/database/ExpressionFunctionOctetLen.java|:{63,62,61,60,59,58,57,56,55,54,53,52,51,50,37,36,35,34,33,32,31,30,29,27,26,25,24,23,22,21,20,19,18,17,16,15,14,13,12,11,10,9,8,7,6,5,4,3,2,1,64},|project://SmallSql/src/smallsql/database/MutableLong.java|:{76,75,74,73,72,71,70,69,68,67,66,65,64,63,62,61,60,59,58,57,56,55,54,53,52,51,50,49,48,47,46,45,44,38,37,36,35,34,33,32,31,30,29,27,26,25,24,23,22,21,20,19,18,17,16,15,14,13,12,11,10,9,8,7,6,5,4,3,2,1},|project://SmallSql/src/smallsql/database/CommandSet.java|:{35,34,33,32,31,30,29,27,26,25,24,23,22,21,20,19,18,17,16,15,14,13,12,11,10,9,8,7,6,5,4,3,2,1},|project://SmallSql/src/smallsql/database/ExpressionFunctionRTrim.java|:{63,62,57,56,55,54,53,52,51,50,49,48,47,46,45,39,38,37,36,35,34,33,32,31,30,29,27,26,25,24,23,22,21,20,19,18,17,16,15,14,13,12,11,10,9,8,71,7,70,6,69,5,68,4,67,3,66,2,65,1,64},|project://SmallSql/src/smallsql/database/SSResultSet.java|:{501,500,499,498,497,496,495,1005,1004,1003,491,1002,490,1001,489,1000,488,999,487,998,486,485,480,479,478,477,476,475,474,469,468,467,466,465,464,463,457,456,455,454,453,452,451,446,445,444,443,442,441,440,435,434,433,432,943,431,942,430,941,429,940,939,938,937,424,423,422,421,420,419,418,924,412,923,411,922,410,921,409,920,408,919,407,918,406,401,400,399,398,397,396,395,902,901,900,899,898,897,385,896,384,383,382,381,380,379,880,879,878,365,877,364,876,363,875,362,874,361,360,359,358,1358,1357,1356,1355,1354,329,1353,328,327,1351,326,1350,325,1349,324,1348,323,1347,1346,305,304,303,302,301,300,299,298,297,296,1320,295,1319,294,1318,293,1317,292,1316,1315,1313,1312,1311,1310,1309,1308,1306,1305,1304,1303,1302,789,1301,788,787,1299,786,1298,785,1297,784,1296,1295,1294,1292,1291,1290,1289,1288,1287,1285,1284,1283,1282,1281,1280,756,755,754,1266,753,1265,752,1264,751,1263,750,1262,1261,1259,1258,1257,1256,1255,1254,1252,1251,1250,1249,1248,1247,1245,1244,1243,1242,1241,1240,1238,1237,1236,1235,1234,1233,208,207,1231,206,1230,205,1229,204,1228,203,1227,202,1226,201,200,199,195,194,193,192,191,190,189,188,1212,1211,1210,1209,184,1208,183,1207,182,181,1205,180,1204,179,1203,178,1202,177,1201,176,1200,175,1198,1197,1196,171,1195,170,1194,169,1193,168,167,1191,166,1190,165,1189,1188,1187,1186,161,160,1184,159,1183,158,1182,157,1181,156,1180,155,1179,154,1177,1176,1175,1174,1173,1172,1170,1169,1168,1167,1166,1165,140,139,1163,138,1162,137,1161,136,1160,135,1159,134,1158,1156,1155,130,1154,129,1153,128,1152,127,1151,126,1150,125,1149,124,1148,1147,1146,1145,1144,120,1143,119,1142,118,1141,117,1140,116,1139,115,1138,114,1137,1136,1135,1134,1133,1132,1131,1130,1129,1128,1127,1126,102,1125,101,1124,100,1123,99,1122,98,1121,97,1120,96,1119,1118,1117,1116,92,1115,91,1114,90,1113,89,1112,88,1111,87,1110,86,1109,1108,1107,1106,82,1105,81,1104,80,1103,79,1102,78,1101,77,1100,76,1099,75,1098,74,1097,73,1096,1095,1094,1093,1092,1091,1090,1089,1088,1087,1086,1085,1084,1083,1082,1081,1080,1079,1078,1077,1076,1075,1074,1070,1069,1068,1067,1066,1065,1064,1063,1062,1061,1060,36,1059,35,1058,34,1057,33,1056,32,31,30,29,27,26,25,24,23,22,21,20,19,18,17,16,15,14,13,12,11,10,9,8,7,6,5,4,3,2,1},|project://SmallSql/src/smallsql/database/StoreNull.java|:{40,39,38,37,36,35,34,33,32,31,30,29,27,26,25,24,23,22,21,20,19,18,17,16,15,14,13,12,11,10,9,8,7,6,5,4,3,2,1},|project://SmallSql/src/smallsql/database/ExpressionFunctionDayOfMonth.java|:{52,51,50,49,48,47,46,39,38,37,36,35,34,33,32,31,30,29,27,26,25,24,23,22,21,20,19,18,17,16,15,14,13,12,11,10,9,8,7,6,5,4,3,2,1},|project://SmallSql/src/smallsql/database/TransactionStep.java|:{26,25,24,23,22,21,20,19,18,17,16,15,14,13,12,43,11,42,10,41,9,40,8,39,7,38,6,5,4,3,2,1},|project://SmallSql/src/smallsql/database/ExpressionFunctionLCase.java|:{63,62,61,60,59,58,57,56,55,54,53,52,51,50,49,48,47,46,45,39,38,37,36,35,34,33,32,31,30,29,28,27,26,25,24,23,22,21,20,19,18,17,16,15,14,13,12,11,10,9,8,7,6,5,4,3,2,1},|project://SmallSql/src/smallsql/database/MemoryStream.java|:{35,34,33,32,31,30,29,27,26,25,24,23,22,21,20,83,19,82,18,145,81,17,144,80,16,143,79,15,142,78,14,141,13,140,12,11,10,9,8,71,7,70,6,133,69,5,132,68,4,131,67,3,130,66,2,129,1,128},|project://SmallSql/src/smallsql/database/Table.java|:{511,383,510,382,509,381,380,379,378,370,369,368,367,366,365,364,363,362,361,360,355,354,353,352,351,350,87,86,85,84,83,82,81,445,444,443,442,441,440,36,35,34,33,32,31,542,30,541,29,540,539,27,538,26,537,25,536,24,23,22,21,20,19,18,17,16,15,14,13,12,11,10,9,8,7,6,5,388,4,515,387,3,514,386,2,513,385,1,512,384},|project://SmallSql/src/smallsql/database/language/Language.java|:{316,315,314,313,312,311,310,309,289,288,352,287,351,286,350,285,349,284,348,283,347,27,282,26,25,24,23,22,21,20,19,18,17,16,15,14,13,12,11,10,9,8,7,6,5,4,3,2,1},|project://SmallSql/src/smallsql/database/ExpressionFunctionReturnInt.java|:{102,101,100,99,98,97,96,95,94,93,92,91,90,89,88,87,86,85,84,83,82,81,80,79,78,52,51,50,49,48,47,46,45,44,43,37,36,35,34,33,32,31,30,29,27,26,25,24,23,22,21,20,19,18,17,16,15,14,13,12,11,10,9,8,7,6,5,4,3,2,1},|project://SmallSql/src/smallsql/database/TableViewResult.java|:{39,102,38,101,37,100,36,99,35,98,34,97,33,92,91,27,90,26,89,25,88,24,87,23,86,22,85,21,84,20,83,19,82,18,81,17,16,15,14,13,12,11,10,9,8,7,6,5,4,3,2,1},|project://SmallSql/src/smallsql/database/StorePage.java|:{38,37,36,35,34,33,27,26,25,24,23,22,21,20,19,82,18,81,17,80,16,79,15,78,14,77,13,76,12,11,10,9,8,7,6,5,4,3,2,1},|project://SmallSql/src/smallsql/database/ExpressionFunctionMinute.java|:{52,51,50,49,48,47,46,39,38,37,36,35,34,33,32,31,30,29,27,26,25,24,23,22,21,20,19,18,17,16,15,14,13,12,11,10,9,8,7,6,5,4,3,2,1},|project://SmallSql/src/smallsql/database/Utils.java|:{319,318,317,167,166,165,164,163,162,34,33,32,31,158,30,157,29,156,155,27,154,26,153,25,24,23,22,21,212,20,211,19,210,18,209,17,208,16,207,15,206,14,205,13,12,11,10,9,8,7,6,5,4,3,322,2,321,1,320},|project://SmallSql/src/smallsql/database/ExpressionFunctionSoundex.java|:{62,61,60,59,58,57,55,54,53,52,51,50,49,48,47,46,45,39,38,37,36,35,34,33,27,26,25,24,23,22,21,20,19,18,17,16,15,14,13,12,11,10,9,8,7,6,5,4,3,2,1},|project://SmallSql/src/smallsql/database/ExpressionFunctionMod.java|:{48,47,46,45,44,43,42,41,35,34,33,32,31,30,29,27,26,25,24,23,22,21,20,19,18,17,16,15,14,13,12,11,10,9,8,7,6,5,4,3,2,1},|project://SmallSql/src/smallsql/database/ExpressionFunctionLog.java|:{35,34,33,32,31,30,29,27,26,25,24,23,22,21,20,19,18,17,16,15,14,13,12,11,10,9,8,7,6,5,4,3,2,1},|project://SmallSql/src/smallsql/database/SSResultSetMetaData.java|:{126,125,124,123,122,121,109,108,107,106,105,104,350,349,348,347,346,345,344,343,342,341,340,339,338,337,336,80,335,79,334,78,77,76,75,74,325,324,323,322,321,320,319,318,39,38,37,36,35,34,33,32,31,30,29,27,26,25,24,23,22,21,20,19,18,17,16,15,14,13,12,11,10,9,8,7,6,5,4,3,2,1},|project://SmallSql/src/smallsql/junit/TestDataTypes.java|:{38,37,36,35,34,33,32,31,30,29,27,26,25,24,23,22,85,21,84,20,83,19,82,18,81,17,80,16,79,15,78,14,77,13,76,12,75,11,74,10,73,9,72,8,71,7,70,6,69,5,68,4,67,3,66,2,1},|project://SmallSql/src/smallsql/junit/TestDBMetaData.java|:{189,188,187,186,185,184,35,34,33,32,31,30,29,27,26,25,24,23,22,21,20,19,18,17,16,15,14,13,12,11,10,9,8,7,198,6,197,5,196,4,195,3,194,2,193,1},|project://SmallSql/src/smallsql/database/SQLTokenizer.java|:{35,34,33,32,31,30,29,27,26,25,24,23,22,21,20,19,18,17,16,15,14,13,12,11,10,9,8,7,6,5,4,3,2,1},|project://SmallSql/src/smallsql/junit/TestOther.java|:{40,39,38,37,36,35,34,33,27,26,25,24,23,22,21,20,19,18,17,16,15,14,13,12,11,10,9,8,7,6,5,4,3,2,1},|project://SmallSql/src/smallsql/database/ExpressionFunctionSpace.java|:{56,55,54,53,52,51,39,38,37,36,35,34,33,32,31,30,29,27,26,25,24,23,22,21,20,19,18,17,16,15,14,13,12,11,10,9,8,7,6,5,4,3,2,1},|project://SmallSql/src/smallsql/database/CommandDelete.java|:{39,38,37,36,35,34,33,32,31,30,29,27,26,25,24,23,22,21,20,19,18,17,16,15,14,13,12,11,10,9,8,7,6,5,4,3,2,1},|project://SmallSql/src/smallsql/database/ExpressionFunctionDegrees.java|:{35,34,33,32,31,30,29,27,26,25,24,23,22,21,20,19,18,17,16,15,14,13,12,11,10,9,8,7,6,5,4,3,2,1},|project://SmallSql/src/smallsql/database/CommandDrop.java|:{37,36,35,34,33,32,31,30,29,27,26,25,24,23,22,21,20,19,18,17,16,15,14,13,12,11,10,9,8,7,6,5,4,3,2,1},|project://SmallSql/src/smallsql/database/JoinScrollIndex.java|:{38,37,36,35,34,33,27,26,25,24,23,22,21,20,19,18,17,16,15,14,13,12,11,10,9,8,7,6,5,4,3,2,1},|project://SmallSql/src/smallsql/database/ExpressionFunctionSqrt.java|:{35,34,33,32,31,30,29,27,26,25,24,23,22,21,20,19,18,17,16,15,14,13,12,11,10,9,8,7,6,5,4,3,2,1},|project://SmallSql/src/smallsql/database/ExpressionFunctionConvert.java|:{63,62,61,60,59,58,57,167,166,165,164,163,162,161,156,155,27,154,26,153,25,152,24,151,23,150,22,21,20,19,18,17,16,15,14,13,268,12,267,11,266,10,265,9,264,8,263,7,262,6,5,4,3,66,2,65,1,64},|project://SmallSql/src/smallsql/database/TableStorePageInsert.java|:{27,26,25,24,23,22,21,20,19,18,17,16,15,14,13,12,11,10,9,8,7,38,6,37,5,36,4,35,3,34,2,33,1},|project://SmallSql/src/smallsql/database/ExpressionFunctionSin.java|:{35,34,33,32,31,30,29,27,26,25,24,23,22,21,20,19,18,17,16,15,14,13,12,11,10,9,8,7,6,5,4,3,2,1},|project://SmallSql/src/smallsql/junit/TestExceptionMethods.java|:{117,116,115,114,113,112,110,109,108,107,106,105,103,102,101,100,99,98,96,95,94,93,92,91,89,88,87,86,85,84,82,81,80,79,78,77,75,74,73,72,71,198,70,197,196,68,195,67,194,66,193,65,192,64,191,63,190,189,61,60,59,58,57,56,181,308,180,307,179,306,178,305,177,304,176,303,175,174,173,172,27,26,25,24,23,22,21,276,20,275,19,274,18,273,17,272,16,271,15,14,13,12,11,10,9,8,7,6,5,4,3,2,1},|project://SmallSql/src/smallsql/database/TableResult.java|:{113,112,111,110,109,108,107,220,219,218,217,216,215,214,339,338,82,337,81,336,80,335,79,334,78,333,77,76,332,63,319,62,318,61,317,60,316,59,315,58,314,313,57,163,35,162,34,161,33,160,32,159,31,158,30,29,27,26,25,24,23,22,21,20,19,18,17,16,15,14,13,12,11,10,9,8,7,6,5,4,3,2,1},|project://SmallSql/src/smallsql/database/ExpressionFunctionTimestampDiff.java|:{88,87,86,85,84,83,82,81,80,79,78,177,176,175,174,173,172,171,170,169,168,167,39,166,38,165,37,164,36,163,35,162,34,161,33,160,32,159,31,158,30,157,29,156,155,27,154,26,153,25,24,23,22,21,20,19,18,17,16,15,14,13,12,11,10,9,8,7,6,5,4,3,2,1},|project://SmallSql/src/smallsql/database/ExpressionFunctionCase.java|:{39,38,37,36,35,34,33,32,31,30,29,27,26,25,24,23,22,21,20,19,18,17,16,15,14,13,12,11,10,9,8,7,6,5,4,3,2,1},|project://SmallSql/src/smallsql/database/ViewResult.java|:{88,87,86,85,84,83,80,79,78,77,76,75,74,73,72,71,70,69,68,67,66,311,310,309,308,307,306,41,40,39,38,37,36,35,34,33,32,31,30,29,27,26,25,24,23,22,21,20,19,18,17,16,15,14,13,12,11,10,9,8,7,6,5,4,3,2,1},|project://SmallSql/src/smallsql/database/CommandTable.java|:{37,36,35,34,33,32,31,30,29,27,26,25,24,23,22,21,20,19,18,17,16,15,14,13,12,11,10,9,8,7,6,133,5,132,4,131,3,130,2,129,1,128},|project://SmallSql/src/smallsql/database/SSStatement.java|:{485,484,483,482,481,480,479,478,477,476,475,474,473,472,471,470,469,468,467,466,465,464,463,462,461,460,459,458,457,456,455,454,453,452,451,450,449,312,311,310,309,308,307,306,305,304,303,302,301,300,299,298,36,35,34,33,32,31,30,29,27,26,25,24,23,22,21,20,19,18,17,16,15,14,13,12,11,10,9,8,7,6,5,4,3,2,1},|project://SmallSql/src/smallsql/database/ExpressionFunctionRepeat.java|:{63,62,61,60,59,53,52,51,50,49,48,47,41,40,39,38,37,36,35,34,33,32,31,30,29,27,26,25,24,23,22,21,20,19,18,17,80,16,79,15,78,14,77,13,76,12,75,11,74,10,73,9,72,8,7,6,5,4,3,66,2,65,1,64},|project://SmallSql/src/smallsql/database/MutableDouble.java|:{73,72,71,70,69,68,67,66,65,64,63,62,61,60,59,58,57,56,55,53,52,51,50,49,48,47,46,45,44,38,37,36,35,34,33,32,31,30,29,27,26,25,24,23,22,21,20,19,18,17,16,15,14,13,12,11,10,9,8,7,6,5,4,3,2,1},|project://SmallSql/src/smallsql/junit/TestTokenizer.java|:{34,33,32,31,30,29,28,27,26,25,24,23,22,21,20,19,18,17,16,15,14,13,12,11,10,9,8,7,6,5,4,3,2,1},|project://SmallSql/src/smallsql/database/Columns.java|:{124,123,122,121,120,119,118,117,116,115,114,113,112,111,109,108,107,106,105,104,103,84,83,82,81,80,79,78,35,34,33,32,31,30,29,27,26,25,24,23,22,21,20,19,18,17,16,15,14,141,13,140,12,139,11,138,10,137,9,136,8,135,7,134,6,133,5,132,4,3,2,1},|project://SmallSql/src/smallsql/junit/TestFunctions.java|:{383,382,381,380,379,378,377,376,375,374,373,372,371,46,45,44,43,42,41,36,35,34,33,32,31,30,29,27,26,25,24,23,22,21,20,19,18,17,16,15,398,14,397,13,396,12,395,11,394,10,393,9,392,8,7,6,389,5,388,4,387,3,386,2,385,1,384},|project://SmallSql/src/smallsql/database/ExpressionFunctionDayOfYear.java|:{52,51,50,49,48,47,46,39,38,37,36,35,34,33,32,31,30,29,27,26,25,24,23,22,21,20,19,18,17,16,15,14,13,12,11,10,9,8,7,6,5,4,3,2,1},|project://SmallSql/src/smallsql/database/Store.java|:{35,34,33,32,31,30,29,27,26,25,24,23,22,21,20,19,18,17,16,15,14,13,12,11,10,9,8,7,6,5,4,3,2,1},|project://SmallSql/src/smallsql/database/ExpressionFunctionATan2.java|:{48,47,46,45,44,43,42,41,40,35,34,33,32,31,30,29,27,26,25,24,23,22,21,20,19,18,17,16,15,14,13,12,11,10,9,8,7,6,5,4,3,2,1},|project://SmallSql/src/smallsql/database/ExpressionFunctionBitLen.java|:{63,62,61,60,59,58,57,56,55,54,53,52,51,50,37,36,35,34,33,32,31,30,29,27,26,25,24,23,22,21,20,19,18,17,16,15,14,13,12,11,10,9,8,7,6,5,4,3,2,1,64},|project://SmallSql/src/smallsql/database/LongTreeListEnum.java|:{38,37,36,35,34,33,32,31,30,29,27,26,25,24,23,22,21,20,19,18,17,16,15,14,13,12,11,10,9,8,7,6,5,4,3,2,1},|project://SmallSql/src/smallsql/database/Distinct.java|:{127,126,125,124,123,122,121,120,119,118,117,116,115,114,113,112,111,110,109,108,107,106,105,104,101,100,99,98,97,96,80,79,78,77,76,75,74,73,72,71,70,69,68,67,66,65,64,63,55,54,53,52,51,50,39,38,37,36,35,34,33,31,159,30,158,29,157,28,156,155,27,154,26,153,25,152,24,151,23,150,22,149,21,148,20,147,19,146,18,145,17,144,16,143,15,142,14,141,13,140,12,139,11,138,10,137,9,136,8,135,7,134,6,133,5,132,4,131,3,130,2,129,1,128},|project://SmallSql/src/smallsql/database/IndexDescriptions.java|:{61,60,59,58,57,56,55,54,39,38,37,36,35,34,33,32,31,30,29,27,26,25,24,23,22,21,20,19,18,17,16,15,14,13,12,11,10,9,8,7,6,69,5,68,4,67,3,66,2,65,1,64},|project://SmallSql/src/smallsql/database/SSConnection.java|:{211,210,209,208,207,206,198,197,196,195,194,193,310,309,181,308,180,307,179,306,178,305,177,304,176,303,302,301,300,299,298,297,34,33,32,31,30,29,27,26,25,24,23,22,21,20,19,18,17,16,15,14,13,12,11,10,9,8,7,6,5,4,3,2,1},|project://SmallSql/src/smallsql/database/ExpressionFunctionExp.java|:{35,34,33,32,31,30,29,27,26,25,24,23,22,21,20,19,18,17,16,15,14,13,12,11,10,9,8,7,6,5,4,3,2,1},|project://SmallSql/src/smallsql/junit/TestThreads.java|:{124,123,122,121,120,119,118,117,116,115,114,113,112,111,110,109,108,107,106,105,104,103,102,101,100,99,98,94,93,92,91,90,89,88,87,86,85,84,83,69,68,67,66,65,64,63,62,61,60,59,58,57,56,55,54,53,52,179,51,178,50,177,176,48,175,47,174,46,173,45,172,44,171,43,170,42,169,41,168,167,166,165,164,163,162,161,160,159,158,157,156,155,154,153,147,146,145,144,143,142,141,140,139,138,137,9,136,8,7,6,5,4,3},|project://SmallSql/src/smallsql/database/ExpressionFunctionMonth.java|:{52,51,50,49,48,47,46,39,38,37,36,35,34,33,27,26,25,24,23,22,21,20,19,18,17,16,15,14,13,12,11,10,9,8,7,6,5,4,3,2,1},|project://SmallSql/src/smallsql/database/View.java|:{61,60,59,58,57,56,55,111,110,109,108,107,106,38,37,36,35,34,33,27,26,25,24,23,22,21,20,19,18,17,16,15,14,13,12,11,10,9,8,7,6,5,4,3,2,1},|project://SmallSql/src/smallsql/database/ExpressionFunctionTan.java|:{35,34,33,32,31,30,29,27,26,25,24,23,22,21,20,19,18,17,16,15,14,13,12,11,10,9,8,7,6,5,4,3,2,1},|project://SmallSql/src/smallsql/database/IndexNodeScrollStatus.java|:{38,37,36,35,34,33,27,26,25,24,23,22,21,20,19,18,17,16,15,14,13,12,11,10,9,8,7,6,5,4,3,2,1},|project://SmallSql/src/smallsql/database/ExpressionFunctionLog10.java|:{35,34,33,32,31,30,29,27,26,25,24,23,22,21,20,19,18,17,16,15,14,13,12,11,10,9,8,7,6,5,4,3,2,1},|project://SmallSql/src/smallsql/database/ExpressionFunctionASin.java|:{35,34,33,32,31,30,29,27,26,25,24,23,22,21,20,19,18,17,16,15,14,13,12,11,10,9,8,7,6,5,4,3,2,1},|project://SmallSql/src/smallsql/database/SSDriver.java|:{59,58,57,56,55,54,53,35,34,33,32,31,30,29,27,26,25,24,23,22,21,20,19,18,17,16,15,14,13,12,11,10,9,8,7,6,5,4,3,2,1},|project://SmallSql/src/smallsql/database/SSDatabaseMetaData.java|:{1023,1022,1016,1015,1014,1013,757,1012,756,1011,755,754,1010,1009,753,752,751,227,226,225,224,223,222,1243,1242,1241,1240,1239,1238,963,962,1217,961,1216,960,1215,959,1214,958,957,1213,956,1212,1211,1210,1209,1208,1207,1206,1205,1204,1203,939,938,937,936,935,934,933,932,927,926,925,924,923,922,921,920,915,914,913,912,911,910,909,908,887,886,885,884,883,882,881,880,859,858,857,856,855,854,1105,1104,1103,1102,1101,1100,36,35,34,33,32,31,30,797,29,796,795,27,794,26,793,25,792,24,23,22,789,21,788,20,787,19,786,18,785,17,784,16,15,14,13,12,11,10,9,8,7,6,5,1028,4,1027,3,1026,2,1025,1,1024},|project://SmallSql/src/smallsql/database/IndexDescription.java|:{190,189,188,187,186,185,184,183,182,181,180,179,27,26,25,24,23,22,21,20,19,18,17,16,15,14,13,12,11,10,9,8,7,6,5,4,3,2,1},|project://SmallSql/src/smallsql/database/SSCallableStatement.java|:{511,510,509,508,507,506,505,504,503,502,501,500,499,498,497,496,495,494,493,492,491,490,489,488,487,486,485,484,483,482,481,480,479,478,477,476,475,819,818,817,816,815,814,800,799,798,797,796,795,793,792,791,790,789,788,786,785,784,783,782,781,767,766,765,764,763,762,760,759,758,757,756,755,753,752,751,750,749,748,231,230,229,228,227,226,225,224,734,733,220,732,219,731,218,730,217,729,216,215,727,214,726,725,724,723,722,209,208,720,207,719,206,718,205,717,204,716,203,715,713,712,199,711,198,710,197,709,196,708,195,706,194,705,193,704,192,703,702,701,700,699,187,698,186,697,185,696,184,695,183,694,182,693,181,692,691,690,689,177,688,176,687,175,686,174,685,173,684,172,683,171,682,681,680,679,167,678,166,677,165,676,164,675,163,674,162,673,161,672,160,671,670,669,668,156,667,155,666,154,665,153,664,152,663,151,662,150,149,661,148,660,659,658,146,657,145,656,144,655,143,654,142,653,141,652,140,651,650,649,648,136,647,135,646,134,645,133,644,132,643,131,642,130,129,641,128,640,639,638,126,637,125,636,124,635,123,634,122,633,121,632,120,631,630,108,620,107,619,106,618,105,617,104,616,103,615,102,614,613,612,611,98,610,97,609,96,608,95,607,94,606,93,605,92,604,603,602,601,88,600,87,599,86,598,85,597,84,596,83,595,82,594,81,593,80,592,79,591,590,589,588,587,586,585,584,583,582,581,580,579,578,577,576,575,574,573,572,571,570,569,568,567,566,565,564,563,562,561,560,559,558,557,556,555,554,553,552,551,550,549,548,36,547,35,546,34,545,33,544,32,543,31,542,30,541,29,540,539,27,538,26,537,25,536,24,535,23,534,22,533,21,532,20,531,19,530,18,529,17,528,16,527,15,526,14,525,13,524,12,523,11,522,10,521,9,520,8,519,7,518,6,517,5,516,4,515,3,514,2,513,1,512},|project://SmallSql/src/smallsql/database/ForeignKey.java|:{35,34,33,32,31,30,29,27,26,25,24,23,22,21,20,19,18,17,16,15,14,13,12,11,10,9,8,7,6,5,4,3,2,1},|project://SmallSql/src/smallsql/junit/TestTransactions.java|:{230,229,228,227,226,225,224,223,206,205,204,203,202,201,200,199,196,195,194,193,448,192,447,191,446,190,445,189,444,188,443,187,442,441,185,184,439,183,438,182,437,181,436,180,435,179,434,178,433,177,432,176,175,174,173,172,171,426,170,425,424,423,422,166,421,165,420,164,419,163,162,417,161,416,160,415,159,414,158,413,157,412,156,411,410,154,153,152,151,150,149,404,148,403,147,402,146,401,145,400,144,399,143,398,397,137,136,135,134,133,132,131,130,129,128,127,126,125,124,122,121,120,119,375,118,374,117,373,116,372,115,371,114,370,113,369,112,368,111,367,366,365,107,106,105,104,103,102,101,356,100,355,99,354,98,353,97,96,352,95,351,94,350,93,349,348,91,347,90,346,89,88,87,86,85,84,339,83,338,82,337,81,336,80,335,334,78,77,76,75,74,73,72,71,70,69,290,289,288,287,286,285,284,283,27,282,26,281,25,24,23,22,21,20,19,18,17,16,15,14,13,12,11,10,9,8,7,6,5,4,3,2,1},|project://SmallSql/src/smallsql/database/ExpressionFunctionFloor.java|:{56,55,54,53,52,51,50,49,48,47,35,34,33,32,31,30,29,27,26,25,24,23,22,21,20,19,18,17,16,15,14,13,12,11,10,9,8,7,6,5,4,3,2,1},|project://SmallSql/src/smallsql/junit/TestAlterTable2.java|:{30,29,28,27,26,25,24,23,22,21,20,19,18,17,16,15,11,10,9,8,7,6,5,4,3,2,1},|project://SmallSql/src/smallsql/database/Lobs.java|:{52,51,50,49,48,47,46,27,26,25,24,23,22,21,20,19,18,17,16,15,14,13,12,11,10,9,8,7,6,5,4,3,2,1},|project://SmallSql/src/smallsql/database/ExpressionFunctionHour.java|:{52,51,50,49,48,47,46,39,38,37,36,35,34,33,32,31,30,29,27,26,25,24,23,22,21,20,19,18,17,16,15,14,13,12,11,10,9,8,7,6,5,4,3,2,1},|project://SmallSql/src/smallsql/database/CommandInsert.java|:{115,114,113,112,111,174,110,173,172,171,170,169,164,36,163,35,162,34,161,33,160,32,159,31,30,29,27,26,25,24,23,22,21,20,19,18,17,16,15,14,13,12,11,10,9,8,7,6,5,4,3,2,1},|project://SmallSql/src/smallsql/database/Database.java|:{511,510,509,504,503,502,501,500,499,498,497,496,495,494,483,482,481,480,479,478,477,476,475,473,472,471,470,469,468,212,467,211,466,210,465,209,464,208,463,207,447,446,445,444,443,442,441,440,439,437,436,435,434,433,432,431,430,429,428,427,154,153,152,151,150,149,148,147,394,393,392,391,390,389,388,387,131,130,129,128,127,126,125,124,123,122,35,34,33,32,31,30,29,539,27,538,26,537,25,536,24,535,23,534,22,533,21,20,19,18,17,16,271,15,270,14,269,13,268,12,267,11,266,10,9,8,7,6,5,4,515,3,514,2,513,1,512},|project://SmallSql/src/smallsql/database/ForeignKeys.java|:{62,61,60,59,58,57,55,54,53,52,51,50,49,48,34,33,32,31,30,29,27,26,25,24,23,22,21,20,19,18,17,16,15,14,13,12,11,10,9,8,7,6,5,4,3,2,1},|project://SmallSql/src/smallsql/junit/TestResultSet.java|:{127,126,125,124,123,122,121,111,110,109,108,107,106,105,104,103,102,101,100,99,98,97,96,95,94,93,92,91,90,89,88,87,86,84,83,82,81,80,79,78,52,51,50,49,48,47,46,45,44,42,41,40,39,38,37,36,35,34,33,27,154,26,153,25,152,24,151,23,150,22,149,21,148,20,147,19,146,18,145,17,144,16,143,15,142,14,141,13,140,12,139,11,138,10,137,9,136,8,135,7,134,6,133,5,132,4,131,3,130,2,129,1},|project://SmallSql/src/smallsql/junit/TestOrderBy.java|:{492,491,490,489,488,487,462,461,460,459,458,457,456,455,446,445,444,443,442,441,439,438,437,436,435,434,433,432,431,430,429,428,427,426,425,424,423,422,420,419,418,417,416,415,413,412,411,410,409,408,395,394,393,392,391,390,380,379,378,377,376,375,374,368,367,366,365,364,363,354,353,352,351,350,349,348,347,346,345,344,343,342,341,340,339,338,337,335,334,333,332,331,330,328,327,326,325,324,323,309,308,307,306,305,816,304,815,814,302,813,301,812,300,811,299,298,297,286,285,284,283,282,794,281,793,792,791,279,790,278,789,277,276,275,274,260,259,258,257,256,255,253,252,251,250,249,248,759,247,758,246,757,245,756,244,755,243,754,242,753,241,752,240,751,239,750,238,749,237,748,236,747,235,746,234,745,744,232,743,231,742,230,741,229,740,228,739,227,738,737,225,224,735,223,734,222,733,221,732,220,731,219,730,218,217,728,216,727,215,726,214,725,213,724,212,723,211,722,210,721,209,720,208,719,207,718,206,717,716,204,715,203,714,202,713,201,712,200,711,199,710,709,197,708,196,707,195,706,194,193,704,192,703,191,702,190,701,189,700,188,699,187,186,185,184,183,182,181,180,179,178,176,175,174,173,172,171,169,168,167,166,165,164,163,161,160,159,158,157,156,155,154,153,152,151,149,148,147,146,145,144,142,141,140,139,138,137,136,135,121,120,119,118,117,116,114,113,112,111,110,109,108,107,571,570,569,568,56,567,55,566,54,565,53,52,51,551,550,38,549,37,548,36,547,35,546,34,33,544,32,543,31,542,30,541,29,540,539,27,26,25,24,23,22,21,20,19,18,17,16,15,14,525,13,524,12,523,11,522,10,521,9,520,8,7,518,6,517,5,516,4,515,3,514,2,513,1},|project://SmallSql/src/smallsql/database/ExpressionFunctionRight.java|:{63,61,60,59,58,57,56,55,54,53,52,51,50,49,48,47,46,45,39,38,37,36,35,34,33,32,31,30,29,27,26,25,24,23,22,21,20,19,18,17,16,15,14,13,12,11,10,9,8,7,70,6,69,5,68,4,67,3,66,2,65,1,64},|project://SmallSql/src/smallsql/database/ExpressionFunctionReturnP1.java|:{92,91,90,89,88,87,86,85,84,82,81,80,79,78,77,76,75,74,73,72,71,70,69,68,67,66,65,64,63,62,61,60,59,58,57,56,55,54,53,52,51,47,46,45,44,43,42,27,26,25,24,23,22,21,20,19,18,17,16,15,14,13,12,11,10,9,8,7,6,5,4,3,2,1},|project://SmallSql/src/smallsql/database/SQLParser.java|:{639,511,638,510,509,508,357,356,355,354,353,1121,352,1120,1119,95,1118,94,1117,93,1116,92,1115,91,1114,90,1113,1112,1347,1346,1345,1344,1343,1342,34,33,32,31,1054,30,1053,29,1052,1051,27,1050,26,1049,25,1048,24,1047,23,1046,22,1045,21,20,19,18,17,16,15,14,1933,13,1932,12,1931,11,1930,10,1929,9,1928,8,7,6,5,4,643,3,642,2,513,641,1,512,640},|project://SmallSql/src/smallsql/database/DataSources.java|:{38,37,36,35,34,33,32,31,30,29,27,26,25,24,23,22,21,20,19,18,17,16,15,14,13,12,11,10,9,8,7,6,5,4,3,2,1},|project://SmallSql/src/smallsql/database/IndexScrollStatus.java|:{127,126,125,124,123,122,121,120,119,109,108,107,106,105,104,100,99,98,97,96,95,94,93,92,91,90,89,88,186,185,184,183,182,181,180,179,27,26,25,24,23,150,22,149,21,148,20,147,19,146,18,145,17,16,15,14,13,12,139,11,138,10,137,9,136,8,135,7,134,6,5,4,131,3,130,2,129,1,128},|project://SmallSql/src/smallsql/database/SSSavepoint.java|:{40,39,38,37,36,35,34,33,27,26,25,24,23,22,21,20,19,18,17,16,15,14,13,12,11,10,9,8,7,6,5,4,3,2,1},|project://SmallSql/src/smallsql/database/IndexNode.java|:{39,38,37,36,35,34,33,32,31,30,29,411,27,410,26,409,25,408,24,407,23,406,22,21,20,19,18,17,16,15,14,13,12,11,10,9,8,7,6,5,4,3,2,1},|project://SmallSql/src/smallsql/database/CommandUpdate.java|:{39,38,37,36,35,34,33,32,31,30,29,27,26,25,24,23,22,21,20,19,18,17,16,15,14,13,12,11,10,9,8,7,6,5,4,3,2,1},|project://SmallSql/src/smallsql/database/RowSource.java|:{38,37,36,35,34,33,32,31,30,29,27,26,25,24,23,22,21,20,19,18,17,16,15,14,13,12,11,10,9,8,7,6,5,4,3,2,1},|project://SmallSql/src/smallsql/database/ExpressionFunctionCos.java|:{35,34,33,32,31,30,29,27,26,25,24,23,22,21,20,19,18,17,16,15,14,13,12,11,10,9,8,7,6,5,4,3,2,1},|project://SmallSql/src/smallsql/database/StorePageMap.java|:{63,62,61,60,188,59,187,58,186,185,184,183,38,37,36,35,34,33,219,27,218,26,217,25,216,24,215,23,214,22,21,20,19,18,17,16,15,14,77,13,76,12,75,11,74,10,73,9,72,8,7,6,5,4,3,2,1},|project://SmallSql/src/smallsql/database/Expressions.java|:{117,116,115,114,113,112,111,110,109,108,100,99,98,97,96,95,94,93,92,91,90,89,88,87,85,84,83,82,81,80,79,70,69,68,67,66,65,56,55,54,53,52,51,50,49,38,37,36,35,34,33,32,31,30,29,27,26,25,24,23,22,21,20,19,18,17,16,15,14,13,12,11,10,9,8,7,6,5,4,3,2,1},|project://SmallSql/src/smallsql/database/GroupResult.java|:{41,40,39,38,37,36,35,34,33,32,31,30,29,27,26,25,24,23,22,21,20,19,18,17,16,15,14,13,12,11,10,9,8,7,6,5,4,3,2,1},|project://SmallSql/src/smallsql/database/ExpressionFunctionATan.java|:{35,34,33,32,31,30,29,27,26,25,24,23,22,21,20,19,18,17,16,15,14,13,12,11,10,9,8,7,6,5,4,3,2,1},|project://SmallSql/src/smallsql/database/language/Language_de.java|:{52,51,50,49,48,47,46,45,44,43,42,41,40,29,28,27,26,25,24,23,22,21,20,19,18,17,16,15,14,13,12,11,10,9,8,7,6,5,4,3,2,1},|project://SmallSql/src/smallsql/database/ExpressionFunctionSubstring.java|:{59,58,57,56,55,54,53,52,51,50,49,48,47,40,39,38,37,36,35,34,33,27,26,25,24,23,22,21,20,19,18,81,17,80,16,79,15,78,14,77,13,76,12,75,11,10,9,8,7,6,5,4,3,2,1},|project://SmallSql/src/smallsql/database/ExpressionFunctionAscii.java|:{57,56,55,54,53,52,39,38,37,36,35,34,33,32,31,30,29,27,26,25,24,23,22,21,20,19,18,17,16,15,14,13,12,11,10,9,8,7,6,5,4,3,2,1},|project://SmallSql/src/smallsql/database/ExpressionFunctionRadians.java|:{35,34,33,32,31,30,29,27,26,25,24,23,22,21,20,19,18,17,16,15,14,13,12,11,10,9,8,7,6,5,4,3,2,1},|project://SmallSql/src/smallsql/database/CommandCreateDatabase.java|:{37,36,35,34,33,32,31,30,29,27,26,25,24,23,22,21,20,19,18,17,16,15,14,13,12,11,10,9,8,7,6,5,4,3,2,1},|project://SmallSql/src/smallsql/database/ExpressionFunctionAbs.java|:{121,120,119,118,117,116,115,114,113,112,35,34,33,32,31,30,29,27,26,25,24,23,22,21,20,19,18,17,16,15,14,13,12,11,10,9,8,7,6,5,4,3,2,1},|project://SmallSql/src/smallsql/database/JoinScroll.java|:{40,39,38,37,100,36,99,35,98,34,97,33,96,95,94,93,27,26,25,24,23,22,21,20,19,18,17,16,15,14,13,12,11,10,137,9,136,8,135,7,134,6,133,5,132,4,131,3,130,2,1},|project://SmallSql/src/smallsql/database/MutableInteger.java|:{73,72,71,70,69,68,67,66,65,64,63,62,61,60,58,57,56,55,54,53,52,51,50,49,48,47,46,45,44,38,37,36,35,34,33,32,31,30,29,27,26,25,24,23,22,21,20,19,18,17,16,15,14,13,12,11,10,9,8,7,6,5,4,3,2,1},|project://SmallSql/src/smallsql/database/ExpressionFunctionReplace.java|:{114,113,112,111,110,109,108,107,106,105,85,84,83,82,81,80,79,78,58,57,56,55,54,53,52,51,50,49,48,47,41,40,39,38,37,36,35,34,33,32,31,30,29,27,26,25,24,23,22,21,20,19,18,17,16,15,14,13,12,11,10,9,8,7,6,5,4,3,2,1},|project://SmallSql/src/smallsql/database/Where.java|:{105,104,103,102,101,100,99,98,97,96,95,94,92,91,90,89,88,87,207,206,205,204,76,203,75,202,74,201,73,200,72,199,71,198,70,197,69,196,68,195,67,194,66,193,192,191,190,189,188,187,186,185,184,182,181,180,179,178,177,176,175,174,173,172,171,170,169,168,167,166,165,164,163,162,161,160,159,31,158,30,157,29,156,28,155,27,154,26,153,25,24,23,22,21,20,19,18,17,16,15,14,13,12,11,10,9,8,7,6,5,4,3,2,1},|project://SmallSql/src/smallsql/database/DateTime.java|:{488,487,486,485,484,483,482,481,480,479,478,477,476,475,474,471,470,469,468,467,466,629,628,627,626,625,624,623,622,621,361,360,359,614,358,613,357,612,356,611,355,610,354,609,353,608,607,606,605,604,603,602,601,600,598,597,596,595,594,593,592,591,334,333,332,331,330,329,582,581,580,579,578,577,576,575,574,573,572,571,570,569,566,565,564,563,562,561,560,559,558,557,556,300,555,299,298,297,552,296,551,295,550,549,548,547,546,545,541,540,539,795,27,538,794,26,537,793,25,536,792,24,791,23,534,790,22,533,21,532,20,531,19,530,18,529,17,16,15,14,13,12,11,10,9,8,7,6,5,4,3,2,1})
12 633
40 516
0.3118027445947280086879257577253430743410010859907197156678842926%
|project://solution1/src/Duplication.rsc|(2065,40,<72,8>,<72,48>): Expected real, but got num