3, 9 
1, 14 
2, 8 
1, 3 
2, 6 
1, 3 
3, 9 
1, 14 
2, 8 
3, 10 
2, 5 
1, 4 
1, 3 
1, 3 
2, 8 
4, 10 
7, 14 
1, 3 
1, 3 
1, 3 
7, 18 
3, 10 
1, 3 
2, 5 
3, 6 
5, 7 
14, 38 
1, 3 
1, 3 
1, 3 
1, 3 
1, 3 
1, 3 
2, 5 
2, 5 
3, 6 
1, 3 
4, 10 
1, 3 
1, 3 
1, 3 
1, 3 
1, 3 
1, 3 
3, 8 
3, 7 
2, 5 
3, 12 
2, 8 
1, 3 
1, 3 
1, 5 
1, 3 
1, 5 
3, 9 
1, 4 
1, 3 
9, 23 
4, 8 
10, 26 
5, 15 
3, 7 
3, 12 
2, 8 
1, 3 
1, 5 
1, 3 
1, 3 
1, 3 
3, 9 
3, 9 
3, 9 
2, 7 
1, 3 
1, 3 
1, 3 
1, 3 
1, 2 
1, 3 
3, 11 
1, 3 
1, 3 
1, 3 
1, 4 
1, 2 
1, 2 
1, 2 
1, 4 
1, 4 
1, 3 
1, 2 
1, 2 
1, 2 
1, 2 
1, 5 
1, 4 
11, 52 
1, 3 
1, 3 
1, 3 
1, 3 
1, 3 
2, 5 
1, 4 
4, 9 
1, 3 
1, 3 
1, 3 
1, 3 
1, 3 
1, 3 
1, 3 
1, 3 
1, 3 
1, 4 
1, 10 
1, 2 
1, 3 
1, 8 
1, 3 
1, 3 
1, 3 
1, 3 
1, 10 
5, 11 
11, 26 
2, 4 
2, 4 
1, 4 
4, 10 
6, 12 
13, 28 
1, 3 
9, 31 
1, 3 
1, 3 
1, 3 
1, 3 
1, 3 
1, 3 
1, 3 
1, 3 
1, 3 
15, 58 
2, 9 
15, 49 
8, 20 
1, 7 
1, 3 
2, 4 
1, 3 
1, 5 
1, 3 
5, 13 
2, 8 
2, 8 
2, 8 
8, 18 
1, 3 
1, 3 
7, 18 
1, 3 
1, 8 
1, 5 
1, 6 
1, 4 
1, 4 
1, 3 
1, 18 
15, 29 
1, 3 
1, 3 
6, 18 
1, 3 
1, 3 
1, 3 
1, 1 
1, 3 
1, 3 
1, 3 
1, 2 
1, 2 
2, 6 
1, 2 
1, 4 
1, 2 
1, 2 
1, 2 
1, 2 
1, 2 
1, 2 
2, 6 
1, 3 
1, 2 
1, 2 
1, 2 
1, 2 
1, 2 
1, 3 
5, 8 
5, 11 
1, 3 
1, 3 
1, 2 
1, 2 
1, 2 
1, 2 
2, 6 
2, 7 
1, 3 
4, 11 
1, 3 
1, 3 
1, 7 
14, 43 
2, 5 
2, 6 
2, 10 
3, 5 
2, 4 
2, 6 
2, 5 
2, 5 
2, 5 
2, 4 
1, 2 
1, 2 
1, 5 
1, 2 
1, 2 
1, 2 
1, 2 
1, 2 
1, 2 
1, 2 
3, 8 
1, 2 
1, 2 
2, 8 
1, 2 
1, 2 
1, 3 
1, 3 
1, 3 
1, 2 
1, 2 
1, 3 
1, 2 
1, 2 
1, 3 
1, 3 
4, 13 
1, 5 
2, 6 
1, 3 
1, 3 
1, 3 
1, 3 
1, 3 
1, 3 
1, 3 
1, 3 
1, 3 
1, 3 
1, 2 
1, 2 
1, 3 
1, 3 
1, 3 
4, 11 
1, 3 
1, 8 
2, 5 
1, 3 
25, 58 
1, 3 
3, 8 
1, 11 
2, 5 
1, 3 
2, 5 
1, 3 
1, 3 
1, 3 
18, 53 
5, 11 
6, 18 
4, 10 
1, 4 
44, 181 
1, 3 
1, 3 
1, 3 
1, 6 
1, 5 
4, 10 
3, 9 
1, 3 
1, 3 
1, 3 
1, 3 
1, 3 
1, 3 
1, 3 
1, 3 
1, 3 
2, 6 
7, 20 
1, 3 
1, 6 
1, 4 
3, 13 
3, 8 
2, 8 
2, 8 
2, 8 
3, 7 
3, 9 
1, 3 
1, 3 
1, 3 
1, 3 
2, 5 
1, 3 
1, 3 
1, 4 
1, 3 
1, 3 
1, 3 
1, 3 
1, 3 
1, 3 
1, 3 
1, 3 
6, 18 
1, 3 
1, 3 
1, 3 
1, 3 
1, 3 
1, 3 
1, 3 
1, 3 
1, 3 
1, 4 
1, 3 
20, 64 
1, 3 
2, 5 
1, 3 
1, 4 
1, 3 
1, 3 
1, 3 
2, 5 
1, 3 
1, 3 
1, 3 
1, 3 
1, 3 
1, 3 
1, 3 
1, 3 
3, 9 
1, 4 
11, 32 
5, 13 
3, 8 
7, 18 
1, 5 
6, 15 
1, 3 
2, 5 
1, 4 
1, 4 
2, 5 
1, 3 
2, 7 
1, 3 
3, 10 
3, 11 
1, 3 
1, 3 
1, 3 
1, 3 
3, 9 
3, 9 
1, 3 
1, 3 
4, 18 
1, 3 
1, 3 
1, 3 
1, 3 
1, 3 
1, 3 
2, 6 
6, 12 
3, 17 
1, 4 
2, 5 
2, 5 
1, 3 
1, 3 
1, 3 
2, 7 
1, 3 
1, 3 
1, 3 
1, 4 
3, 8 
1, 3 
1, 4 
1, 3 
1, 6 
1, 3 
1, 3 
1, 3 
1, 3 
1, 7 
1, 3 
2, 5 
1, 3 
8, 16 
5, 14 
1, 3 
2, 6 
2, 6 
2, 7 
1, 3 
1, 3 
2, 4 
1, 3 
2, 7 
10, 59 
12, 28 
3, 16 
1, 5 
1, 3 
1, 4 
1, 3 
1, 3 
1, 3 
1, 3 
1, 3 
1, 3 
1, 2 
1, 2 
1, 2 
1, 2 
1, 2 
1, 2 
7, 26 
1, 3 
1, 2 
2, 6 
4, 18 
9, 38 
1, 4 
6, 19 
26, 71 
11, 28 
11, 31 
8, 23 
1, 3 
1, 3 
1, 2 
1, 2 
1, 2 
1, 2 
1, 2 
1, 2 
1, 2 
1, 2 
1, 2 
1, 2 
1, 3 
1, 2 
1, 2 
1, 3 
1, 3 
3, 9 
1, 3 
1, 3 
1, 3 
1, 3 
1, 3 
1, 3 
1, 3 
1, 3 
4, 6 
1, 3 
1, 3 
1, 8 
1, 3 
1, 3 
1, 3 
1, 4 
1, 4 
1, 5 
3, 5 
1, 3 
1, 5 
1, 5 
1, 3 
1, 10 
15, 57 
21, 60 
12, 31 
4, 12 
1, 10 
18, 36 
1, 3 
1, 4 
1, 4 
1, 3 
2, 6 
2, 8 
1, 3 
1, 3 
1, 3 
1, 3 
1, 3 
2, 9 
1, 3 
1, 3 
1, 3 
1, 3 
1, 8 
1, 6 
1, 8 
19, 46 
3, 6 
5, 12 
1, 4 
1, 3 
1, 3 
5, 11 
1, 3 
1, 3 
1, 7 
1, 3 
1, 7 
1, 3 
1, 3 
1, 6 
1, 3 
1, 3 
1, 3 
1, 3 
2, 9 
6, 14 
1, 4 
1, 3 
1, 3 
1, 3 
1, 3 
3, 14 
1, 7 
3, 9 
4, 7 
1, 4 
1, 3 
1, 3 
1, 3 
1, 4 
1, 3 
1, 4 
6, 22 
6, 22 
2, 7 
4, 10 
3, 8 
3, 8 
3, 8 
3, 8 
3, 16 
1, 3 
4, 11 
1, 4 
1, 3 
1, 3 
1, 5 
1, 3 
1, 3 
1, 13 
1, 3 
1, 3 
1, 3 
1, 3 
1, 3 
1, 3 
1, 3 
1, 3 
3, 8 
34, 112 
3, 16 
11, 19 
11, 26 
1, 5 
1, 3 
1, 13 
1, 3 
1, 3 
1, 3 
1, 3 
1, 3 
1, 3 
1, 3 
1, 3 
2, 34 
1, 5 
3, 17 
1, 2 
1, 3 
1, 4 
1, 2 
1, 3 
1, 4 
1, 3 
1, 3 
1, 4 
3, 10 
3, 10 
3, 10 
1, 4 
1, 4 
6, 39 
2, 8 
3, 12 
1, 4 
16, 67 
1, 14 
1, 3 
7, 24 
1, 3 
2, 8 
6, 28 
1, 3 
1, 3 
1, 3 
1, 3 
2, 5 
1, 3 
1, 3 
10, 26 
2, 8 
19, 67 
1, 10 
1, 16 
2, 6 
11, 27 
11, 48 
19, 69 
11, 37 
1, 3 
12, 31 
5, 10 
5, 11 
11, 23 
2, 7 
6, 18 
20, 65 
14, 43 
6, 16 
6, 17 
1, 3 
15, 46 
8, 27 
6, 16 
5, 8 
3, 13 
7, 24 
8, 37 
1, 7 
8, 29 
8, 20 
5, 16 
31, 67 
3, 12 
7, 20 
6, 28 
1, 3 
1, 5 
1, 3 
1, 3 
1, 3 
1, 3 
6, 18 
1, 1 
1, 1 
1, 1 
2, 5 
1, 3 
3, 9 
1, 5 
1, 3 
1, 4 
1, 3 
1, 3 
1, 3 
1, 4 
1, 4 
3, 9 
4, 10 
1, 3 
1, 3 
1, 3 
1, 3 
1, 3 
1, 3 
1, 3 
1, 3 
3, 10 
1, 3 
1, 3 
2, 6 
1, 4 
1, 3 
1, 3 
1, 3 
1, 3 
1, 3 
4, 11 
1, 3 
20, 55 
2, 5 
2, 4 
2, 5 
14, 39 
2, 5 
2, 5 
1, 3 
1, 3 
2, 7 
2, 7 
1, 7 
1, 5 
1, 6 
1, 6 
2, 5 
1, 4 
3, 12 
1, 5 
1, 4 
1, 7 
1, 7 
1, 4 
1, 4 
1, 3 
1, 3 
1, 3 
1, 5 
1, 4 
1, 4 
1, 4 
1, 4 
1, 4 
1, 4 
1, 4 
1, 4 
1, 10 
2, 7 
2, 7 
2, 7 
3, 11 
2, 7 
1, 3 
2, 8 
1, 2 
1, 3 
2, 7 
3, 9 
2, 5 
9, 23 
5, 11 
1, 3 
3, 12 
3, 23 
1, 3 
2, 6 
1, 3 
3, 10 
1, 3 
1, 3 
3, 8 
5, 15 
3, 7 
1, 3 
1, 3 
1, 3 
1, 3 
1, 3 
12, 27 
4, 12 
1, 3 
1, 3 
1, 3 
7, 15 
10, 35 
5, 19 
6, 14 
1, 3 
1, 3 
1, 3 
2, 4 
1, 3 
1, 3 
3, 9 
1, 3 
2, 5 
1, 3 
1, 3 
1, 4 
3, 9 
1, 3 
1, 4 
4, 8 
3, 11 
1, 5 
1, 2 
1, 2 
5, 10 
1, 2 
1, 3 
2, 7 
1, 5 
1, 4 
1, 2 
2, 36 
1, 3 
1, 5 
1, 3 
1, 3 
1, 3 
1, 3 
1, 3 
1, 3 
1, 3 
1, 3 
1, 3 
6, 17 
1, 3 
1, 3 
2, 6 
3, 10 
2, 6 
4, 16 
1, 3 
1, 8 
19, 84 
4, 19 
10, 23 
2, 4 
8, 23 
3, 12 
41, 129 
4, 9 
2, 7 
7, 24 
1, 3 
1, 5 
1, 5 
1, 5 
1, 3 
1, 3 
1, 3 
1, 3 
1, 4 
1, 3 
2, 5 
15, 39 
2, 5 
22, 63 
10, 27 
9, 28 
7, 24 
1, 3 
1, 3 
1, 3 
3, 11 
1, 3 
1, 7 
1, 27 
1, 3 
1, 3 
2, 6 
2, 7 
4, 13 
2, 7 
2, 7 
2, 6 
2, 6 
2, 6 
2, 7 
2, 6 
2, 6 
2, 7 
2, 6 
2, 7 
2, 6 
2, 6 
2, 7 
2, 7 
2, 7 
4, 13 
2, 7 
4, 13 
2, 7 
2, 7 
2, 7 
2, 7 
2, 7 
2, 7 
4, 13 
2, 7 
2, 7 
2, 7 
2, 7 
3, 14 
3, 14 
2, 9 
4, 12 
36, 104 
1, 3 
3, 11 
1, 6 
8, 15 
2, 6 
1, 3 
4, 10 
7, 21 
1, 6 
2, 5 
1, 3 
3, 8 
1, 3 
1, 6 
2, 5 
1, 3 
1, 3 
1, 3 
1, 3 
1, 3 
1, 3 
1, 4 
4, 19 
5, 22 
3, 4 
2, 5 
1, 3 
1, 3 
1, 3 
1, 3 
1, 3 
1, 3 
1, 3 
1, 3 
1, 3 
1, 3 
1, 3 
1, 3 
1, 3 
1, 3 
1, 3 
1, 3 
1, 3 
1, 3 
1, 3 
1, 3 
1, 3 
1, 3 
1, 3 
1, 3 
1, 3 
1, 3 
1, 3 
1, 3 
1, 3 
1, 3 
1, 3 
1, 3 
1, 2 
1, 3 
1, 3 
1, 3 
1, 3 
1, 3 
1, 3 
1, 5 
1, 3 
1, 3 
1, 5 
1, 3 
2, 4 
1, 3 
1, 5 
1, 3 
2, 8 
1, 3 
1, 3 
1, 4 
3, 14 
1, 4 
2, 7 
1, 2 
1, 3 
1, 4 
4, 10 
3, 15 
5, 11 
1, 3 
10, 34 
15, 33 
3, 8 
3, 5 
5, 17 
4, 8 
2, 6 
2, 4 
1, 3 
1, 3 
1, 3 
2, 4 
2, 6 
1, 3 
1, 3 
1, 3 
1, 3 
1, 3 
1, 3 
1, 4 
2, 3 
1, 3 
1, 8 
1, 4 
1, 3 
1, 3 
3, 7 
1, 3 
1, 3 
1, 3 
18, 74 
30, 76 
3, 11 
3, 15 
1, 2 
7, 29 
5, 21 
2, 6 
2, 6 
2, 6 
3, 9 
2, 6 
2, 6 
5, 12 
3, 6 
3, 11 
2, 8 
1, 2 
3, 8 
1, 2 
3, 8 
1, 4 
1, 3 
1, 3 
1, 4 
1, 3 
2, 5 
1, 3 
1, 5 
1, 5 
1, 5 
1, 3 
3, 9 
2, 10 
2, 10 
1, 3 
5, 19 
1, 5 
1, 4 
1, 5 
1, 4 
1, 4 
1, 6 
1, 4 
1, 4 
1, 6 
1, 5 
1, 4 
1, 5 
1, 3 
2, 9 
2, 10 
1, 3 
4, 15 
2, 10 
4, 15 
2, 9 
1, 4 
1, 5 
9, 29 
7, 22 
2, 6 
2, 7 
1, 3 
1, 3 
1, 3 
3, 9 
1, 3 
1, 3 
1, 3 
1, 3 
1, 3 
1, 3 
1, 3 
1, 3 
1, 3 
7, 27 
1, 3 
6, 21 
5, 9 
1, 10 
4, 12 
1, 7 
39, 108 
1, 3 
1, 3 
1, 3 
1, 2 
1, 4 
1, 2 
1, 4 
1, 4 
1, 3 
1, 5 
6, 16 
26, 81 
17, 62 
2, 9 
6, 21 
1, 3 
4, 9 
1, 3 
3, 8 
7, 17 
2, 6 
12, 31 
2, 6 
12, 30 
2, 6 
4, 12 
1, 3 
2, 5 
6, 13 
2, 5 
2, 5 
1, 3 
24, 50 
2, 6 
8, 35 
1, 3 
1, 3 
1, 6 
1, 3 
1, 9 
1, 3 
1, 3 
3, 20 
1, 3 
1, 3 
1, 3 
1, 3 
1, 3 
1, 3 
1, 3 
1, 3 
1, 3 
2, 6 
2, 6 
1, 4 
1, 3 
1, 4 
1, 3 
1, 3 
1, 3 
2, 3 
1, 4 
10, 62 
4, 6 
3, 10 
3, 7 
1, 3 
1, 3 
1, 3 
1, 3 
2, 3 
2, 3 
3, 3 
1, 3 
1, 3 
1, 3 
1, 3 
4, 10 
3, 5 
2, 17 
1, 4 
1, 3 
1, 4 
1, 12 
1, 6 
2, 8 
22, 39 
2, 8 
8, 21 
5, 14 
3, 9 
13, 23 
9, 21 
1, 3 
1, 1 
1, 1 
1, 3 
1, 3 
1, 3 
1, 3 
1, 3 
2, 9 
3, 12 
1, 3 
1, 3 
37, 91 
15, 35 
6, 14 
14, 38 
3, 7 
3, 7 
5, 12 
2, 5 
5, 14 
6, 16 
2, 8 
6, 20 
7, 25 
1, 1 
1, 1 
1, 1 
1, 1 
1, 1 
1, 1 
1, 1 
1, 1 
1, 1 
1, 1 
1, 1 
1, 6 
1, 3 
1, 3 
1, 3 
1, 3 
3, 19 
6, 22 
2, 8 
3, 14 
1, 3 
4, 16 
1, 3 
1, 2 
4, 14 
1, 3 
3, 11 
1, 3 
1, 3 
1, 3 
1, 3 
1, 3 
1, 3 
4, 17 
4, 9 
1, 3 
5, 19 
4, 15 
1, 3 
1, 3 
1, 3 
1, 3 
1, 3 
1, 3 
1, 3 
1, 3 
1, 3 
1, 3 
1, 3 
1, 3 
1, 3 
4, 11 
5, 20 
3, 14 
1, 6 
1, 19 
1, 3 
1, 3 
1, 3 
1, 3 
1, 4 
1, 4 
1, 4 
1, 3 
1, 3 
1, 5 
1, 3 
1, 3 
1, 3 
3, 10 
1, 3 
2, 9 
3, 19 
1, 3 
1, 3 
1, 3 
1, 3 
3, 5 
4, 10 
1, 3 
1, 3 
2, 5 
1, 8 
1, 3 
1, 3 
1, 3 
1, 3 
1, 3 
1, 2 
1, 5 
1, 3 
9, 24 
13, 43 
1, 3 
1, 3 
1, 3 
1, 3 
1, 3 
1, 3 
1, 4 
1, 11 
2, 6 
17, 35 
12, 26 
33, 46 
12, 21 
2, 8 
10, 33 
14, 43 
17, 53 
1, 3 
1, 3 
1, 3 
2, 5 
6, 10 
1, 4 
1, 4 
2, 10 
30, 115 
3, 13 
6, 17 
1, 4 
9, 26 
14, 151 
1, 3 
6, 41 
1, 5 
10, 33 
1, 3 
1, 3 
1, 3 
1, 3 
1, 3 
2, 5 
1, 7 
6, 10 
1, 3 
1, 4 
2, 10 
4, 14 
3, 13 
6, 17 
3, 6 
2, 4 
5, 13 
4, 8 
1, 6 
1, 3 
2, 4 
7, 25 
1, 3 
4, 11 
1, 3 
1, 3 
1, 3 
1, 3 
3, 8 
1, 3 
1, 3 
1, 3 
1, 11 
1, 3 
2, 8 
3, 6 
3, 7 
3, 7 
9, 21 
6, 20 
3, 6 
2, 4 
5, 13 
1, 2 
1, 3 
2, 13 
1, 3 
4, 22 
1, 3 
1, 3 
2, 5 
1, 10 
1, 4 
1, 4 
1, 3 
2, 7 
2, 11 
3, 10 
1, 3 
5, 21 
3, 5 
1, 10 
1, 4 
1, 4 
1, 4 
2, 5 
2, 7 
1, 3 
2, 10 
3, 8 
1, 3 
1, 3 
1, 3 
1, 3 
1, 3 
1, 3 
2, 6 
1, 3 
1, 3 
12, 30 
1, 3 
5, 16 
1, 3 
3, 13 
1, 3 
1, 3 
5, 16 
1, 3 
1, 4 
1, 3 
1, 3 
1, 3 
1, 1 
1, 1 
1, 1 
1, 1 
1, 1 
1, 2 
1, 3 
1, 2 
1, 2 
1, 2 
1, 2 
1, 2 
1, 3 
1, 3 
1, 3 
1, 3 
1, 2 
1, 3 
1, 3 
1, 3 
1, 2 
1, 3 
1, 3 
1, 3 
1, 2 
1, 3 
1, 3 
1, 3 
1, 3 
1, 3 
3, 8 
3, 8 
5, 15 
4, 8 
3, 20 
2, 5 
1, 3 
1, 3 
1, 3 
1, 3 
4, 18 
6, 14 
3, 13 
3, 8 
9, 37 
11, 30 
8, 34 
7, 21 
7, 29 
11, 37 
7, 24 
2, 8 
1, 6 
36, 124 
9, 35 
10, 29 
1, 3 
9, 26 
9, 26 
4, 12 
3, 10 
3, 9 
1, 3 
1, 3 
1, 3 
5, 17 
2, 6 
1, 9 
1, 2 
1, 3 
1, 9 
1, 3 
1, 3 
1, 3 
1, 3 
2, 6 
2, 6 
1, 4 
4, 15 
5, 10 
1, 3 
1, 3 
1, 3 
1, 2 
1, 3 
1, 3 
1, 3 
1, 3 
1, 3 
1, 3 
1, 3 
1, 3 
1, 3 
1, 3 
1, 3 
1, 3 
1, 3 
1, 3 
1, 3 
1, 3 
1, 3 
1, 3 
1, 3 
1, 3 
1, 3 
6, 22 
2, 4 
2, 4 
1, 3 
2, 4 
2, 4 
1, 3 
23, 110 
1, 9 
2, 8 
1, 2 
1, 3 
1, 3 
3, 18 
1, 2 
21, 57 
13, 40 
7, 17 
9, 34 
15, 54 
8, 34 
30, 75 
6, 23 
7, 26 
21, 79 
1, 3 
3, 10 
6, 27 
6, 24 
14, 51 
4, 13 
1, 7 
1, 7 
1, 5 
1, 5 
6, 14 
5, 10 
4, 10 
13, 42 
5, 13 
8, 23 
9, 24 
8, 21 
6, 15 
1, 3 
3, 5 
1, 3 
1, 4 
1, 3 
1, 3 
1, 3 
1, 3 
1, 3 
1, 3 
1, 3 
1, 3 
1, 3 
1, 3 
1, 3 
1, 3 
9, 30 
9, 32 
1, 3 
3, 5 
1, 3 
1, 2 
1, 2 
1, 3 
1, 3 
1, 2 
2, 6 
1, 2 
1, 4 
2, 6 
1, 4 
1, 3 
3, 6 
1, 3 
5, 22 
2, 9 
21, 69 
5, 15 
1, 2 
1, 3 
1, 3 
1, 3 
1, 3 
1, 3 
1, 3 
1, 3 
1, 3 
1, 3 
1, 3 
15, 56 
3, 10 
9, 26 
3, 12 
3, 10 
2, 6 
1, 3 
1, 7 
9, 38 
1, 3 
2, 8 
1, 3 
1, 3 
7, 39 
1, 4 
1, 3 
2, 8 
2, 4 
5, 18 
1, 3 
1, 3 
35, 148 
1, 4 
1, 3 
4, 11 
5, 13 
3, 6 
3, 15 
7, 20 
1, 6 
3, 5 
2, 9 
4, 21 
4, 20 
1, 6 
1, 3 
5, 18 
1, 4 
1, 3 
2, 4 
1, 3 
1, 3 
1, 3 
1, 3 
1, 3 
1, 3 
1, 3 
1, 3 
3, 15 
2, 7 
2, 5 
2, 5 
2, 6 
4, 10 
1, 3 
1, 3 
1, 5 
8, 32 
1, 3 
1, 3 
1, 3 
1, 3 
1, 3 
2, 4 
4, 13 
3, 10 
4, 8 
1, 3 
4, 8 
6, 12 
7, 16 
7, 17 
3, 9 
4, 21 
6, 22 
1, 3 
1, 3 
2, 5 
1, 3 
1, 8 
2, 8 
1, 2 
1, 3 
4, 10 
5, 16 
2, 6 
1, 3 
1, 3 
1, 3 
1, 3 
4, 9 
5, 8 
4, 10 
1, 3 
1, 3 
1, 6 
1, 3 
1, 3 
16, 40 
12, 52 
1, 3 
1, 3 
1, 3 
1, 3 
1, 4 
1, 3 
1, 3 
3, 15 
1, 9 
1, 2 
7, 20 
1, 3 
1, 2 
2, 4 
2, 4 
3, 10 
1, 5 
2, 9 
7, 26 
2, 10 
4, 15 
1, 5 
8, 30 
4, 11 
3, 6 
1, 3 
1, 3 
1, 3 
1, 3 
1, 3 
1, 3 
1, 3 
6, 23 
3, 13 
3, 7 
1, 3 
1, 6 
2, 7 
1, 3 
1, 3 
1, 4 
1, 3 
1, 3 
1, 3 
1, 3 
1, 3 
2, 8 
9, 22 
1, 3 
1, 3 
1, 3 
1, 3 
2, 9 
1, 3 
1, 3 
1, 3 
1, 3 
1, 3 
5, 19 
1, 3 
1, 3 
1, 4 
3, 10 
1, 3 
1, 3 
1, 3 
2, 6 
1, 3 
1, 3 
1, 3 
5, 14 
1, 3 
3, 7 
1, 3 
3, 7 
4, 10 
4, 8 
3, 7 
1, 3 
1, 3 
1, 3 
1, 3 
1, 3 
1, 3 
1, 3 
3, 6 
7, 16 
6, 17 
8, 10 
1, 11 
25, 64 
29, 86 
1, 3 
5, 19 
1, 12 
4, 10 
5, 17 
2, 9 
2, 9 
2, 12 
2, 12 
3, 15 
3, 15 
3, 14 
3, 14 
4, 47 
1, 1 
1, 1 
1, 1 
1, 1 
1, 1 
1, 1 
1, 1 
1, 1 
1, 1 
1, 1 
1, 1 
1, 3 
1, 3 
1, 3 
16, 55 
1, 3 
4, 15 
2, 19 
2, 6 
19, 50 
2, 13 
9, 23 
9, 23 
1, 3 
11, 31 
16, 43 
16, 43 
24, 62 
44, 109 
13, 32 
10, 19 
6, 20 
2, 13 
27, 63 
8, 23 
6, 27 
2, 13 
2, 10 
2, 6 
2, 6 
3, 5 
4, 8 
2, 4 
2, 4 
3, 8 
2, 4 
3, 5 
2, 4 
4, 8 
3, 8 
2, 4 
2, 4 
4, 8 
2, 4 
3, 8 
2, 4 
3, 8 
2, 4 
4, 8 
2, 4 
3, 8 
2, 4 
2, 4 
4, 8 
3, 8 
2, 4 
2, 4 
6, 14 
4, 8 
4, 8 
2, 4 
3, 5 
4, 9 
5, 12 
3, 5 
3, 5 
2, 4 
4, 10 
2, 4 
1, 3 
4, 9 
1, 3 
4, 10 
3, 9 
3, 10 
3, 7 
10, 18 
1, 2 
1, 2 
8, 17 
2, 8 
2, 6 
1, 5 
1, 3 
1, 3 
2, 5 
2, 3 
4, 10 
1, 3 
1, 3 
1, 2 
1, 3 
1, 3 
1, 2 
1, 2 
1, 3 
1, 2 
2, 5 
1, 4 
4, 11 
1, 4 
1, 4 
1, 3 
1, 3 
1, 3 
1, 3 
1, 3 
1, 2 
1, 3 
1, 4 
1, 3 
2, 10 
8, 25 
1, 3 
2, 5 
2, 5 
2, 6 
2, 5 
2, 5 
1, 3 
2, 6 
2, 5 
6, 15 
1, 3 
1, 7 
1, 3 
2, 6 
12, 34 
4, 17 
1, 3 
1, 3 
3, 8 
2, 11 
2, 9 
4, 13 
5, 17 
1, 6 
1, 3 
1, 4 
1, 3 
1, 4 
2, 4 
2, 4 
2, 7 
1, 5 
1, 3 
1, 3 
1, 4 
1, 4 
1, 4 
1, 4 
1, 4 
1, 4 
1, 3 
1, 4 
4, 22 
1, 3 
10, 29 
3, 5 
5, 53 
3, 8 
1, 4 
3, 8 
2, 9 
4, 13 
5, 17 
2, 6 
1, 6 
1, 3 
1, 4 
1, 4 
1, 4 
2, 6 
2, 4 
2, 7 
2, 5 
1, 5 
1, 3 
1, 3 
1, 3 
1, 4 
1, 4 
1, 4 
1, 3 
1, 4 
4, 22 
1, 3 
10, 29 
3, 5 
1, 3 
1, 3 
1, 3 
1, 5 
1, 16 
4, 10 
4, 16 
4, 16 
4, 16 
4, 16 
4, 16 
4, 16 
4, 16 
4, 24 
1, 9 
3, 17 
3, 20 
3, 20 
1, 5 
1, 7 
1, 6 
4, 16 
3, 15 
4, 16 
1, 7 
1, 5 
2, 19 
2, 5 
9, 25 
4, 12 
5, 14 
3, 8 
4, 12 
4, 12 
4, 12 
4, 12 
4, 22 
5, 17 
4, 11 
1, 3 
1, 4 
1, 3 
1, 5 
1, 3 
1, 3 
1, 3 
1, 3 
1, 3 
1, 3 
2, 9 
5, 16 
4, 12 
2, 8 
1, 4 
1, 3 
1, 4 
1, 3 
3, 9 
1, 3 
1, 3 
6, 16 
3, 7 
5, 12 
3, 7 
4, 12 
9, 31 
1, 3 
1, 3 
1, 3 
1, 3 
1, 3 
1, 3 
3, 13 
1, 3 
1, 3 
1, 3 
1, 3 
1, 3 
2, 4 
4, 13 
16, 48 
1, 3 
1, 3 
2, 7 
2, 6 
2, 6 
2, 8 
1, 3 
1, 6 
3, 21 
1, 3 
1, 3 
1, 3 
2, 6 
2, 6 
1, 3 
1, 3 
2, 8 
5, 14 
1, 3 
6, 22 
8, 25 
1, 3 
5, 14 
5, 19 
6, 17 
4, 10 
1, 5 
13, 45 
13, 41 
13, 40 
3, 7 
1, 4 
1, 4 
2, 8 
8, 29 
12, 20 
2, 8 
8, 29 
1, 6 
1, 7 
1, 7 
6, 15 
1, 6 
5, 10 
6, 17 
1, 4 
1, 6 
3, 9 
18, 41 
16, 36 
17, 36 
17, 47 
3, 9 
8, 19 
1, 2 
2, 8 
1, 3 
1, 44 
1, 3 
1, 3 
4, 12 
2, 5 
5, 18 
9, 25 
2, 14 
6, 19 
2, 5 
1, 5 
1, 3 
1, 3 
1, 3 
1, 3 
1, 3 
1, 3 
1, 3 
16, 40 
2, 4 
1, 4 
1, 3 
1, 4 
1, 3 
1, 2 
1, 2 
1, 2 
1, 2 
1, 2 
1, 1 
1, 1 
9, 19 
16, 40 
2, 4 
1, 4 
13, 41 
9, 29 
5, 12 
1, 3 
4, 13 
6, 29 
1, 3 
1, 3 
1, 4 
2, 5 
3, 9 
3, 8 
3, 10 
1, 3 
1, 4 
2, 7 
2, 6 
1, 4 
3, 11 
2, 9 
1, 3 
6, 11 
1, 3 
70, 189 
1, 3 
4, 8 
1, 3 
9, 34 
1, 3 
4, 16 
1, 3 
16, 46 
4, 12 
3, 9 
1, 3 
3, 13 
1, 3 
3, 8 
9, 41 
1, 3 
1, 3 
1, 3 
1, 3 
3, 9 
1, 3 
2, 11 
1, 3 
2, 6 
1, 3 
1, 3 
1, 3 
1, 3 
1, 3 
1, 3 
1, 3 
1, 3 
1, 3 
1, 3 
1, 3 
1, 3 
1, 3 
1, 3 
1, 8 
5, 20 
1, 2 
1, 11 
1, 3 
1, 3 
1, 3 
1, 3 
1, 3 
1, 3 
1, 3 
1, 3 
8, 17 
1, 3 
1, 3 
1, 2 
1, 3 
1, 8 
2, 3 
4, 7 
13, 27 
13, 32 
21, 53 
4, 6 
1, 8 
2, 6 
18, 42 
1, 2 
1, 3 
1, 8 
2, 3 
4, 7 
8, 25 
13, 27 
13, 32 
4, 6 
1, 3 
1, 3 
1, 3 
1, 3 
1, 3 
1, 6 
1, 6 
1, 3 
9, 25 
1, 3 
1, 4 
1, 4 
1, 3 
1, 3 
1, 3 
1, 3 
1, 3 
1, 10 
1, 3 
1, 3 
1, 4 
1, 3 
1, 3 
1, 5 
1, 3 
1, 3 
1, 3 
1, 1 
1, 1 
1, 1 
1, 1 
1, 1 
1, 1 
1, 1 
1, 4 
2, 5 
1, 3 
2, 8 
3, 11 
2, 4 
1, 4 
4, 24 
1, 3 
1, 4 
1, 3 
3, 11 
2, 8 
1, 4 
1, 4 
1, 4 
2, 7 
1, 6 
6, 24 
2, 14 
1, 6 
3, 19 
1, 4 
1, 4 
1, 6 
4, 15 
7, 46 
3, 11 
2, 5 
1, 4 
1, 3 
1, 4 
1, 7 
1, 3 
1, 3 
1, 3 
1, 3 
1, 3 
1, 3 
1, 3 
1, 3 
1, 3 
1, 3 
1, 3 
1, 3 
1, 3 
1, 3 
1, 3 
1, 3 
10, 20 
7, 24 
12, 26 
1, 3 
2, 6 
2, 9 
6, 13 
6, 14 
3, 13 
1, 3 
1, 3 
2, 6 
1, 3 
1, 3 
1, 3 
1, 3 
1, 3 
1, 3 
1, 3 
1, 3 
1, 3 
1, 6 
1, 6 
1, 7 
2, 8 
17, 41 
3, 8 
2, 6 
14, 43 
12, 37 
7, 26 
2, 7 
3, 10 
5, 14 
3, 15 
7, 31 
7, 24 
2, 4 
9, 18 
2, 6 
4, 16 
1, 3 
1, 3 
1, 3 
2, 3 
1, 3 
1, 3 
1, 4 
2, 7 
3, 8 
2, 8 
1, 3 
1, 5 
1, 3 
1, 3 
1, 3 
1, 3 
1, 3 
1, 3 
1, 3 
1, 3 
1, 3 
1, 3 
1, 3 
1, 3 
2, 5 
1, 3 
1, 3 
1, 3 
1, 3 
1, 3 
1, 3 
1, 3 
1, 3 
1, 3 
1, 3 
1, 3 
2, 5 
1, 5 
4, 12 
3, 9 
2, 5 
4, 15 
2, 5 
10, 37 
7, 19 
10, 36 
7, 20 
1, 3 
1, 3 
1, 3 
1, 7 
1, 3 
1, 3 
1, 3 
3, 10 
1, 3 
1, 4 
1, 4 
5, 12 
1, 3 
1, 3 
3, 9 
1, 3 
3, 9 
10, 22 
1, 3 
10, 21 
1, 3 
1, 3 
2, 4 
3, 6 
3, 7 
1, 3 
6, 13 
1, 3 
1, 7 
1, 3 
1, 3 
5, 11 
1, 3 
1, 3 
4, 4 
1, 3 
1, 2 
1, 3 
2, 6 
3, 8 
1, 3 
2, 16 
2, 5 
3, 10 
1, 3 
1, 8 
1, 4 
1, 3 
1, 5 
1, 3 
1, 3 
14, 42 
1, 3 
1, 3 
1, 2 
1, 3 
1, 3 
1, 3 
1, 3 
2, 6 
6, 13 
1, 3 
1, 3 
4, 12 
1, 3 
11, 35 
12, 29 
2, 8 
4, 11 
3, 7 
2, 9 
6, 15 
2, 17 
3, 7 
1, 3 
2, 6 
3, 8 
2, 4 
2, 4 
2, 4 
6, 13 
1, 3 
1, 3 
1, 3 
1, 3 
1, 3 
1, 3 
1, 3 
1, 14 
16, 30 
6, 19 
7, 21 
1, 3 
1, 3 
1, 3 
1, 3 
1, 3 
1, 3 
1, 3 
1, 3 
1, 3 
1, 3 
1, 3 
1, 3 
1, 3 
1, 3 
1, 3 
1, 3 
1, 3 
1, 3 
1, 3 
1, 3 
1, 3 
1, 3 
1, 3 
83, 203 
1, 2 
5, 11 
4, 16 
1, 6 
2, 5 
1, 3 
2, 5 
7, 16 
3, 6 
1, 3 
1, 3 
2, 5 
1, 3 
1, 3 
4, 13 
8, 29 
1, 3 
1, 3 
1, 3 
1, 3 
2, 7 
1, 3 
2, 5 
1, 3 
1, 3 
3, 11 
2, 5 
1, 3 
1, 3 
1, 5 
3, 5 
8, 25 
3, 14 
2, 8 
2, 5 
4, 18 
2, 3 
17, 34 
1, 3 
1, 3 
2, 5 
1, 3 
1, 3 
1, 4 
6, 24 
24, 100 
1, 4 
6, 23 
1, 3 
1, 3 
4, 11 
1, 3 
1, 4 
2, 7 
2, 4 
1, 4 
1, 3 
1, 3 
1, 3 
1, 3 
1, 3 
1, 3 
1, 3 
1, 3 
1, 3 
1, 3 
1, 3 
1, 3 
2, 11 
1, 3 
1, 12 
1, 3 
2, 5 
1, 5 
2, 5 
2, 4 
3, 9 
2, 11 
1, 3 
1, 3 
1, 4 
1, 3 
7, 15 
1, 3 
1, 3 
1, 2 
2, 6 
2, 5 
1, 5 
1, 3 
3, 8 
1, 3 
1, 6 
1, 3 
1, 3 
1, 3 
1, 3 
1, 3 
1, 3 
1, 3 
1, 3 
1, 3 
3, 6 
1, 3 
1, 3 
5, 18 
4, 9 
4, 12 
2, 7 
11, 30 
5, 11 
1, 3 
8, 13 
5, 11 
5, 11 
1, 3 
1, 4 
3, 8 
6, 15 
2, 5 
2, 9 
1, 3 
1, 4 
3, 6 
2, 7 
1, 4 
5, 15 
1, 3 
1, 5 
1, 5 
2, 8 
1, 3 
1, 3 
1, 4 
3, 8 
6, 16 
6, 15 
4, 13 
3, 6 
8, 18 
1, 3 
5, 29 
9, 26 
5, 20 
1, 3 
1, 3 
1, 3 
3, 11 
1, 3 
1, 3 
4, 13 
1, 3 
4, 13 
1, 3 
1, 3 
4, 12 
3, 7 
2, 4 
1, 3 
1, 2 
1, 2 
1, 2 
1, 2 
1, 2 
1, 2 
1, 2 
1, 2 
1, 2 
1, 2 
1, 3 
1, 2 
1, 2 
1, 2 
1, 2 
1, 2 
1, 2 
1, 2 
1, 2 
1, 2 
1, 2 
1, 2 
1, 2 
1, 2 
1, 2 
1, 2 
1, 2 
1, 2 
1, 2 
1, 2 
1, 2 
1, 2 
1, 2 
1, 2 
1, 2 
1, 2 
1, 2 
1, 2 
1, 2 
1, 2 
1, 2 
1, 2 
1, 2 
1, 2 
1, 2 
1, 2 
1, 2 
1, 2 
1, 2 
1, 2 
1, 2 
1, 2 
1, 2 
1, 2 
1, 2 
1, 2 
1, 2 
1, 2 
1, 2 
1, 2 
1, 2 
1, 2 
1, 2 
1, 2 
1, 2 
1, 2 
1, 2 
1, 2 
1, 2 
1, 2 
1, 2 
1, 2 
1, 2 
1, 2 
1, 2 
1, 2 
1, 2 
1, 2 
1, 2 
1, 2 
1, 2 
1, 2 
1, 2 
1, 2 
1, 2 
1, 2 
1, 2 
1, 2 
1, 2 
1, 2 
1, 2 
1, 2 
1, 2 
1, 2 
1, 2 
1, 2 
1, 2 
1, 2 
1, 2 
1, 2 
1, 2 
1, 2 
1, 2 
1, 2 
1, 2 
1, 2 
1, 2 
1, 2 
1, 2 
1, 2 
1, 2 
1, 2 
1, 2 
1, 2 
1, 2 
1, 2 
1, 2 
1, 2 
1, 2 
1, 2 
1, 2 
1, 2 
1, 2 
1, 2 
1, 2 
1, 2 
1, 2 
1, 2 
1, 2 
1, 2 
1, 2 
1, 2 
1, 2 
1, 2 
1, 2 
1, 2 
1, 2 
1, 2 
1, 2 
1, 2 
1, 2 
1, 2 
5, 27 
11, 32 
1, 3 
1, 3 
1, 3 
1, 3 
1, 3 
1, 3 
1, 3 
1, 3 
1, 3 
1, 3 
1, 3 
1, 3 
1, 3 
1, 3 
1, 3 
1, 3 
1, 3 
1, 3 
1, 3 
1, 3 
8, 22 
2, 7 
14, 40 
1, 3 
3, 9 
1, 1 
1, 1 
1, 1 
1, 1 
1, 1 
1, 1 
1, 1 
1, 3 
1, 3 
1, 3 
1, 3 
3, 8 
3, 12 
1, 2 
1, 3 
1, 5 
1, 3 
1, 3 
13, 36 
1, 3 
1, 3 
2, 5 
5, 17 
1, 3 
1, 5 
1, 5 
1, 3 
2, 8 
14, 38 
5, 15 
2, 9 
14, 38 
1, 3 
1, 3 
1, 4 
2, 6 
1, 3 
1, 39 
1, 5 
1, 3 
1, 6 
1, 3 
1, 7 
1, 5 
1, 3 
1, 3 
1, 3 
1, 3 
1, 3 
3, 8 
1, 4 
2, 12 
2, 9 
1, 3 
10, 22 
15, 36 
8, 18 
4, 10 
4, 11 
5, 23 
15, 41 
2, 5 
1, 5 
1, 3 
1, 3 
1, 3 
5, 9 
2, 12 
1, 3 
1, 3 
1, 3 
1, 3 
7, 18 
7, 18 
1, 3 
35, 88 
3, 12 
1, 3 
1, 3 
10, 39 
1, 22 
1, 2 
1, 3 
1, 3 
1, 3 
1, 3 
1, 3 
1, 3 
1, 3 
1, 3 
1, 3 
1, 3 
1, 3 
1, 3 
1, 3 
1, 3 
1, 3 
1, 3 
1, 3 
1, 3 
1, 3 
1, 3 
1, 3 
1, 3 
1, 3 
1, 3 
1, 3 
1, 3 
1, 3 
1, 3 
1, 6 
1, 3 
1, 3 
1, 3 
1, 3 
1, 3 
1, 3 
1, 3 
1, 3 
1, 3 
1, 3 
4, 10 
7, 19 
4, 9 
4, 15 
3, 5 
3, 5 
5, 12 
2, 5 
2, 5 
5, 21 
1, 3 
5, 21 
15, 43 
1, 2 
4, 17 
1, 3 
2, 251 
1, 158 
1, 5 
1, 5 
1, 2 
2, 6 
3, 18 
1, 3 
1, 4 
14, 49 
4, 12 
2, 8 
1, 4 
1, 4 
1, 2 
2, 11 
2, 12 
1, 3 
10, 45 
1, 5 
28, 102 
1, 3 
10, 30 
20, 61 
1, 3 
1, 3 
1, 3 
6, 17 
2, 7 
1, 3 
2, 7 
2, 9 
1, 3 
1, 4 
1, 3 
4, 8 
3, 4 
1, 3 
1, 3 
1, 3 
3, 7 
2, 6 
2, 6 
2, 7 
2, 6 
2, 7 
2, 7 
2, 6 
2, 6 
4, 13 
1, 3 
1, 3 
2, 6 
1, 3 
1, 5 
1, 3 
5, 9 
2, 6 
1, 3 
1, 3 
1, 3 
3, 5 
1, 3 
1, 3 
3, 13 
2, 5 
3, 11 
1, 3 
22, 76 
5, 17 
6, 19 
1, 3 
1, 14 
1, 3 
1, 3 
1, 3 
1, 7 
1, 3 
1, 3 
3, 8 
2, 5 
3, 7 
2, 8 
1, 3 
2, 6 
2, 6 
2, 6 
1, 3 
2, 6 
1, 3 
2, 3 
9, 33 
10, 44 
3, 6 
2, 4 
1, 3 
11, 39 
1, 4 
1, 3 
1, 3 
1, 5 
9, 36 
5, 14 
1, 3 
2, 7 
1, 3 
1, 3 
1, 3 
1, 3 
2, 6 
3, 9 
1, 3 
1, 3 
5, 18 
1, 3 
1, 3 
1, 3 
1, 9 
2, 3 
1, 6 
2, 5 
1, 3 
1, 5 
2, 9 
1, 8 
1, 3 
1, 2 
1, 5 
2, 6 
1, 3 
2, 3 
1, 3 
2, 7 
1, 6 
1, 5 
1, 3 
1, 3 
1, 3 
1, 3 
1, 3 
1, 3 
1, 3 
1, 3 
2, 6 
1, 3 
4, 12 
2, 8 
1, 3 
2, 9 
1, 3 
2, 6 
1, 5 
1, 6 
1, 3 
1, 3 
12, 35 
1, 4 
1, 4 
2, 5 
1, 3 
1, 3 
1, 3 
3, 8 
1, 3 
1, 4 
1, 3 
1, 3 
1, 3 
1, 4 
1, 3 
1, 3 
9, 4 
28, 64 
1, 3 
1, 4 
1, 8 
1, 3 
4, 10 
1, 3 
1, 2 
1, 4 
1, 2 
1, 5 
1, 3 
1, 3 
1, 6 
1, 3 
15, 33 
7, 19 
3, 3 
1, 3 
1, 3 
1, 3 
1, 3 
1, 3 
1, 8 
2, 7 
1, 3 
1, 4 
3, 9 
3, 10 
3, 10 
1, 3 
6, 17 
3, 6 
6, 13 
2, 7 
1, 3 
1, 5 
1, 8 
3, 9 
3, 5 
3, 5 
3, 6 
3, 5 
3, 5 
3, 5 
18, 37 
2, 7 
17, 51 
1, 3 
1, 3 
1, 3 
1, 3 
1, 3 
1, 3 
37, 100 
4, 12 
2, 9 
2, 9 
2, 9 
2, 9 
2, 9 
2, 9 
2, 9 
2, 9 
7, 34 
7, 31 
2, 12 
3, 16 
7, 20 
9, 33 
1, 2 
5, 15 
1, 3 
2, 13 
10, 52 
5, 19 
4, 12 
2, 18 
1, 3 
1, 3 
1, 3 
1, 3 
1, 3 
1, 3 
1, 3 
1, 3 
1, 3 
1, 3 
1, 3 
6, 22 
9, 41 
8, 31 
3, 24 
4, 18 
1, 6 
2, 5 
1, 4 
1, 9 
1, 8 
1, 2 
13, 42 
1, 3 
1, 3 
3, 9 
1, 4 
1, 3 
1, 6 
1, 3 
1, 3 
1, 3 
1, 3 
1, 3 
1, 4 
2, 6 
1, 3 
1, 3 
1, 6 
2, 6 
1, 6 
1, 4 
1, 4 
1, 4 
2, 5 
1, 4 
1, 4 
1, 4 
1, 4 
1, 4 
1, 4 
1, 4 
1, 4 
1, 4 
1, 4 
1, 4 
1, 4 
1, 4 
1, 4 
1, 4 
1, 4 
1, 4 
1, 4 
1, 4 
1, 4 
1, 4 
1, 6 
1, 4 
2, 5 
1, 4 
1, 4 
1, 4 
1, 4 
1, 4 
1, 4 
1, 4 
1, 4 
1, 4 
1, 4 
1, 4 
1, 4 
1, 5 
1, 3 
1, 3 
1, 3 
1, 5 
1, 4 
1, 4 
2, 6 
2, 5 
1, 3 
1, 6 
2, 5 
1, 4 
1, 4 
1, 4 
1, 4 
1, 4 
1, 4 
1, 4 
1, 4 
1, 4 
1, 4 
1, 4 
1, 4 
1, 4 
1, 4 
1, 4 
1, 4 
1, 4 
1, 4 
1, 4 
1, 4 
1, 6 
1, 4 
2, 5 
1, 4 
1, 4 
1, 4 
1, 4 
1, 4 
1, 4 
1, 4 
1, 4 
1, 4 
1, 4 
1, 4 
1, 4 
1, 4 
3, 13 
2, 4 
3, 5 
4, 10 
2, 3 
1, 3 
5, 7 
6, 10 
1, 3 
1, 3 
7, 26 
1, 3 
6, 27 
7, 21 
29, 89 
1, 3 
1, 3 
1, 6 
2, 4 
5, 19 
1, 3 
1, 6 
3, 9 
1, 4 
2, 6 
4, 13 
1, 3 
6, 23 
1, 3 
3, 9 
2, 7 
2, 5 
1, 3 
1, 3 
1, 4 
1, 3 
1, 3 
1, 3 
1, 5 
1, 5 
1, 3 
1, 5 
1, 5 
1, 5 
1, 5 
1, 5 
1, 5 
1, 5 
1, 6 
2, 4 
3, 9 
1, 4 
2, 7 
2, 5 
1, 3 
1, 3 
1, 3 
1, 5 
1, 5 
1, 3 
1, 5 
1, 5 
1, 5 
1, 5 
1, 3 
1, 3 
2, 6 
2, 6 
1, 3 
1, 3 
1, 5 
1, 3 
6, 18 
1, 3 
1, 3 
5, 15 
1, 5 
1, 6 
1, 6 
1, 6 
1, 3 
1, 3 
1, 3 
1, 3 
1, 3 
1, 4 
1, 3 
2, 6 
1, 3 
1, 3 
1, 3 
1, 3 
1, 3 
1, 3 
1, 3 
1, 3 
1, 4 
1, 3 
1, 3 
1, 4 
3, 9 
3, 9 
1, 3 
1, 5 
1, 3 
1, 2 
2, 10 
1, 4 
1, 3 
4, 10 
2, 5 
1, 6 
1, 3 
15, 33 
3, 10 
4, 11 
2, 5 
1, 1 
1, 1 
1, 1 
1, 5 
4, 26 
1, 3 
3, 13 
1, 3 
3, 13 
7, 16 
1, 4 
3, 13 
1, 4 
3, 13 
8, 23 
1, 4 
3, 13 
7, 20 
1, 3 
2, 6 
4, 16 
1, 3 
2, 10 
1, 4 
3, 13 
3, 9 
1, 3 
1, 3 
1, 3 
3, 6 
3, 11 
1, 4 
1, 4 
1, 4 
1, 4 
4, 18 
1, 3 
2, 9 
1, 3 
1, 3 
1, 4 
5, 20 
12, 38 
8, 20 
1, 6 
6, 28 
2, 7 
1, 3 
1, 3 
2, 17 
3, 9 
7, 22 
1, 3 
2, 12 
1, 3 
1, 3 
2, 11 
1, 3 
1, 3 
2, 18 
1, 3 
2, 11 
1, 3 
1, 3 
1, 3 
2, 17 
1, 4 
2, 5 
2, 6 
2, 6 
5, 26 
1, 3 
1, 3 
2, 3 
1, 3 
1, 3 
1, 3 
3, 9 
5, 10 
1, 3 
2, 3 
1, 3 
2, 5 
3, 9 
2, 6 
16, 34 
5, 9 
5, 9 
5, 10 
2, 5 
1, 3 
1, 3 
1, 3 
1, 3 
3, 9 
4, 8 
7, 22 
1, 4 
2, 12 
1, 3 
3, 11 
1, 3 
1, 3 
1, 3 
1, 4 
1, 3 
2, 18 
1, 3 
1, 3 
1, 3 
2, 11 
1, 3 
1, 3 
1, 4 
2, 5 
2, 6 
5, 26 
1, 3 
1, 3 
3, 9 
5, 10 
1, 3 
1, 3 
2, 7 
1, 3 
2, 5 
3, 9 
2, 6 
1, 3 
1, 3 
21, 69 
4, 22 
4, 16 
1, 3 
4, 11 
2, 6 
2, 8 
1, 3 
1, 2 
1, 3 
1, 2 
1, 2 
1, 3 
1, 3 
1, 2 
1, 3 
1, 2 
1, 3 
1, 3 
1, 2 
1, 3 
1, 2 
1, 2 
1, 2 
1, 3 
1, 3 
1, 2 
1, 3 
1, 3 
2, 9 
1, 3 
1, 6 
3, 13 
7, 32 
3, 11 
3, 11 
3, 11 
1, 3 
1, 3 
1, 3 
4, 11 
2, 6 
2, 8 
1, 6 
4, 33 
1, 4 
1, 4 
1, 3 
1, 3 
1, 3 
1, 3 
1, 3 
1, 3 
1, 3 
1, 3 
1, 3 
1, 3 
1, 3 
1, 3 
1, 3 
1, 3 
1, 6 
1, 3 
1, 4 
2, 5 
1, 3 
1, 3 
1, 5 
2, 10 
3, 15 
1, 4 
9, 20 
1, 3 
2, 9 
1, 3 
1, 1 
1, 3 
3, 7 
1, 4 
1, 3 
1, 3 
1, 3 
2, 5 
1, 3 
1, 3 
1, 3 
1, 3 
2, 3 
3, 7 
3, 7 
1, 3 
1, 3 
1, 3 
3, 7 
1, 3 
2, 5 
1, 3 
1, 3 
1, 3 
1, 3 
1, 4 
1, 3 
1, 3 
1, 3 
2, 3 
1, 3 
2, 5 
1, 3 
1, 3 
1, 3 
1, 3 
1, 3 
2, 3 
3, 7 
3, 7 
1, 3 
1, 3 
3, 7 
4, 9 
2, 5 
1, 3 
1, 3 
1, 3 
2, 3 
7, 17 
6, 15 
7, 17 
7, 17 
2, 3 
7, 6 
6, 12 
1, 3 
1, 3 
1, 3 
1, 3 
1, 3 
1, 3 
6, 11 
6, 11 
7, 16 
1, 2 
1, 3 
3, 8 
2, 6 
11, 35 
1, 2 
1, 3 
1, 3 
1, 3 
1, 3 
4, 21 
1, 4 
1, 3 
1, 3 
24, 70 
4, 10 
1, 7 
3, 16 
2, 7 
2, 3 
2, 3 
2, 3 
1, 3 
1, 3 
1, 3 
1, 3 
2, 4 
1, 3 
1, 3 
1, 3 
1, 3 
1, 3 
1, 5 
1, 3 
1, 3 
4, 14 
1, 11 
12, 14 
1, 12 
1, 4 
1, 3 
4, 7 
1, 3 
2, 7 
4, 7 
1, 3 
1, 3 
1, 3 
1, 3 
1, 3 
1, 3 
3, 7 
3, 7 
3, 9 
4, 9 
1, 1 
1, 4 
2, 4 
3, 24 
2, 6 
5, 17 
1, 3 
4, 14 
1, 3 
3, 6 
1, 6 
1, 3 
2, 7 
19, 40 
7, 25 
4, 8 
5, 7 
5, 9 
25, 46 
3, 9 
4, 7 
4, 10 
1, 3 
18, 43 
4, 18 
1, 3 
1, 3 
2, 6 
1, 3 
6, 11 
1, 3 
1, 3 
1, 3 
4, 11 
7, 10 
1, 3 
5, 9 
1, 4 
2, 3 
2, 3 
1, 3 
2, 3 
1, 3 
2, 4 
1, 3 
1, 3 
1, 3 
1, 5 
1, 3 
1, 5 
1, 3 
1, 3 
1, 9 
1, 11 
12, 14 
1, 2 
1, 12 
1, 3 
1, 3 
2, 7 
1, 3 
2, 7 
1, 3 
1, 3 
1, 3 
3, 7 
3, 9 
1, 3 
1, 3 
1, 3 
1, 3 
1, 3 
1, 3 
1, 3 
1, 3 
1, 3 
1, 3 
1, 3 
1, 3 
1, 3 
1, 5 
1, 3 
5, 8 
3, 12 
2, 5 
1, 3 
3, 12 
3, 10 
3, 10 
2, 8 
3, 7 
8, 18 
3, 8 
1, 3 
1, 3 
1, 3 
1, 3 
6, 22 
1, 6 
1, 5 
1, 3 
1, 3 
1, 5 
1, 3 
1, 3 
1, 3 
4, 11 
3, 8 
11, 47 
9, 20 
1, 3 
1, 3 
1, 3 
1, 3 
8, 34 
1, 3 
1, 3 
6, 21 
6, 17 
2, 6 
1, 3 
1, 3 
7, 24 
6, 18 
1, 3 
1, 3 
2, 6 
2, 10 
7, 31 
9, 27 
6, 16 
5, 14 
1, 3 
1, 3 
2, 9 
1, 3 
1, 3 
1, 3 
3, 10 
5, 14 
2, 8 
1, 6 
1, 3 
1, 3 
1, 3 
1, 3 
1, 3 
1, 3 
3, 8 
1, 4 
1, 3 
1, 3 
1, 3 
1, 3 
1, 2 
1, 3 
17, 33 
17, 32 
1, 3 
6, 20 
17, 35 
5, 5 
1, 8 
1, 3 
1, 3 
3, 9 
1, 3 
3, 4 
3, 4 
3, 6 
1, 3 
1, 3 
1, 3 
5, 11 
3, 9 
1, 3 
1, 3 
2, 4 
1, 3 
2, 15 
1, 4 
1, 4 
1, 4 
4, 10 
3, 5 
3, 6 
4, 16 
1, 3 
1, 3 
3, 18 
3, 10 
1, 3 
6, 5 
17, 55 
8, 20 
4, 16 
1, 4 
1, 3 
3, 9 
16, 35 
13, 49 
4, 10 
4, 11 
4, 10 
4, 10 
4, 10 
4, 10 
4, 16 
5, 17 
9, 17 
1, 9 
1, 3 
3, 11 
3, 5 
14, 25 
1, 3 
1, 2 
1, 3 
1, 3 
1, 6 
1, 5 
1, 3 
1, 3 
1, 4 
1, 3 
1, 3 
1, 3 
2, 9 
1, 3 
1, 3 
1, 3 
1, 3 
3, 7 
1, 3 
1, 3 
1, 3 
2, 5 
1, 3 
1, 3 
2, 5 
1, 3 
1, 3 
1, 3 
1, 3 
2, 10 
3, 10 
3, 6 
19, 29 
4, 10 
2, 8 
1, 3 
1, 4 
3, 6 
6, 18 
1, 9 
2, 21 
6, 13 
5, 9 
1, 3 
1, 3 
1, 3 
4, 15 
5, 20 
6, 13 
6, 9 
7, 23 
1, 3 
14, 63 
4, 10 
2, 8 
1, 4 
1, 4 
1, 3 
1, 3 
1, 3 
1, 5 
1, 3 
1, 3 
4, 10 
1, 2 
1, 4 
2, 5 
1, 3 
1, 6 
1, 6 
5, 22 
6, 31 
1, 13 
1, 13 
1, 3 
1, 3 
1, 3 
1, 3 
1, 3 
1, 3 
1, 3 
6, 8 
1, 10 
10, 16 
1, 2 
1, 3 
2, 7 
1, 3 
1, 3 
1, 3 
1, 3 
1, 3 
2, 4 
1, 4 
1, 3 
3, 6 
4, 17 
1, 3 
1, 3 
11, 57 
3, 12 
45, 100 
24, 42 
2, 11 
1, 3 
1, 2 
2, 6 
1, 3 
1, 3 
1, 3 
3, 7 
4, 13 
2, 6 
2, 6 
1, 13 
1, 3 
2, 5 
2, 7 
1, 5 
1, 5 
1, 3 
1, 3 
1, 3 
1, 2 
1, 3 
1, 3 
1, 3 
1, 3 
1, 3 
1, 4 
1, 4 
1, 4 
1, 4 
3, 6 
3, 5 
1, 3 
1, 3 
1, 3 
1, 4 
1, 5 
4, 21 
1, 5 
1, 4 
4, 18 
3, 9 
1, 11 
1, 4 
1, 3 
6, 20 
3, 9 
1, 4 
5, 14 
1, 4 
1, 3 
1, 4 
2, 6 
1, 3 
4, 14 
4, 18 
3, 8 
1, 3 
1, 3 
1, 4 
1, 10 
1, 3 
1, 4 
4, 17 
3, 12 
7, 16 
7, 20 
1, 3 
5, 9 
1, 3 
3, 8 
1, 3 
1, 3 
1, 3 
1, 3 
1, 3 
1, 3 
1, 2 
2, 4 
1, 3 
1, 3 
1, 3 
1, 3 
1, 3 
2, 3 
2, 3 
1, 3 
2, 3 
2, 4 
2, 4 
2, 3 
1, 2 
1, 3 
1, 3 
1, 4 
2, 6 
1, 4 
1, 3 
7, 27 
6, 24 
1, 4 
1, 3 
1, 3 
1, 3 
1, 3 
1, 3 
1, 3 
6, 9 
1, 3 
5, 8 
1, 3 
1, 3 
2, 12 
1, 3 
2, 6 
2, 6 
3, 16 
12, 28 
1, 3 
1, 3 
1, 3 
1, 3 
1, 3 
1, 3 
1, 3 
4, 9 
1, 3 
1, 3 
1, 3 
1, 3 
8, 22 
1, 3 
1, 3 
1, 3 
1, 3 
1, 3 
1, 3 
1, 3 
1, 3 
1, 3 
1, 3 
8, 22 
1, 3 
1, 3 
1, 3 
1, 3 
1, 3 
1, 3 
1, 3 
4, 14 
1, 4 
25, 84 
18, 58 
7, 35 
1, 3 
35, 132 
13, 63 
9, 29 
7, 31 
3, 14 
2, 4 
1, 3 
1, 3 
4, 5 
3, 5 
1, 3 
1, 3 
1, 3 
1, 3 
1, 3 
1, 3 
1, 3 
1, 3 
1, 3 
1, 3 
1, 3 
1, 3 
1, 3 
1, 3 
1, 3 
1, 3 
1, 3 
1, 3 
1, 3 
1, 3 
1, 3 
1, 3 
1, 3 
1, 3 
1, 3 
1, 3 
1, 3 
1, 3 
3, 10 
3, 10 
2, 6 
3, 10 
3, 10 
2, 6 
2, 6 
2, 6 
2, 6 
3, 10 
2, 6 
2, 6 
4, 14 
2, 6 
3, 10 
2, 6 
2, 6 
2, 6 
2, 6 
2, 6 
2, 6 
2, 6 
2, 6 
2, 6 
2, 6 
2, 6 
2, 6 
2, 6 
1, 3 
1, 3 
1, 3 
1, 3 
1, 3 
1, 3 
1, 3 
1, 3 
1, 3 
1, 3 
1, 3 
1, 2 
1, 3 
1, 3 
3, 31 
1, 6 
5, 15 
10, 25 
3, 5 
6, 13 
1, 7 
40, 163 
3, 9 
9, 41 
2, 8 
2, 6 
4, 11 
74, 286 
13, 37 
3, 10 
13, 30 
28, 87 
12, 51 
1, 4 
11, 42 
13, 44 
35, 205 
6, 22 
5, 20 
1, 2 
1, 3 
1, 3 
3, 31 
1, 3 
1, 6 
2, 7 
1, 3 
1, 3 
1, 3 
1, 3 
1, 3 
1, 3 
23, 60 
12, 29 
3, 12 
1, 3 
1, 3 
1, 4 
5, 16 
2, 6 
1, 9 
1, 1 
1, 1 
1, 1 
1, 1 
1, 1 
1, 1 
1, 1 
1, 1 
1, 1 
1, 1 
1, 1 
1, 1 
1, 1 
1, 1 
1, 1 
1, 1 
1, 1 
1, 1 
1, 1 
1, 1 
1, 1 
1, 1 
1, 1 
1, 1 
1, 1 
1, 1 
3, 12 
2, 8 
1, 3 
1, 3 
1, 3 
1, 3 
1, 3 
1, 3 
2, 13 
1, 3 
1, 3 
5, 12 
2, 5 
2, 6 
2, 5 
2, 7 
3, 9 
3, 8 
1, 3 
2, 4 
1, 3 
7, 23 
1, 3 
2, 3 
1, 8 
2, 5 
1, 3 
1, 3 
1, 3 
1, 3 
1, 3 
1, 3 
1, 3 
1, 3 
1, 3 
1, 3 
1, 3 
1, 3 
1, 3 
3, 7 
1, 4 
1, 3 
2, 7 
1, 3 
1, 3 
1, 3 
1, 3 
1, 1 
1, 1 
1, 1 
1, 1 
1, 1 
1, 1 
1, 1 
1, 4 
2, 4 
2, 7 
1, 4 
1, 4 
1, 3 
1, 3 
4, 12 
2, 4 
2, 6 
5, 17 
1, 3 
1, 3 
1, 3 
1, 3 
1, 2 
1, 3 
1, 3 
1, 3 
1, 3 
1, 4 
1, 6 
1, 5 
1, 4 
1, 4 
1, 3 
2, 9 
1, 3 
1, 4 
1, 3 
1, 3 
2, 13 
1, 3 
2, 5 
1, 3 
1, 3 
3, 10 
7, 20 
3, 7 
1, 8 
4, 20 
1, 4 
2, 19 
4, 12 
2, 4 
1, 3 
4, 10 
2, 7 
2, 5 
2, 6 
2, 8 
1, 3 
1, 4 
1, 3 
1, 6 
1, 3 
2, 3 
1, 5 
1, 3 
1, 3 
1, 3 
1, 3 
1, 3 
1, 3 
1, 5 
1, 12 
1, 6 
1, 20 
1, 22 
1, 24 
1, 3 
2, 5 
1, 4 
1, 8 
2, 8 
1, 3 
1, 3 
1, 5 
1, 3 
1, 3 
1, 3 
1, 3 
1, 3 
2, 6 
1, 3 
1, 3 
1, 3 
1, 3 
1, 3 
6, 19 
6, 29 
2, 7 
39, 81 
1, 3 
2, 5 
3, 9 
1, 4 
1, 6 
4, 18 
1, 3 
5, 22 
2, 6 
5, 12 
3, 13 
6, 14 
1, 3 
1, 3 
1, 3 
1, 3 
4, 11 
1, 3 
1, 3 
1, 3 
1, 4 
1, 3 
7, 20 
1, 3 
1, 3 
1, 3 
1, 4 
21, 62 
1, 3 
1, 3 
1, 5 
3, 8 
1, 5 
3, 9 
7, 20 
4, 12 
2, 6 
7, 20 
1, 3 
1, 3 
1, 3 
2, 6 
5, 17 
1, 8 
3, 13 
5, 15 
1, 3 
1, 3 
1, 3 
1, 3 
1, 3 
1, 3 
1, 3 
5, 15 
2, 6 
1, 3 
3, 12 
4, 7 
3, 11 
10, 21 
2, 7 
1, 4 
1, 3 
1, 3 
1, 3 
1, 3 
1, 3 
1, 3 
1, 3 
1, 3 
1, 3 
1, 3 
1, 3 
1, 3 
1, 3 
1, 3 
1, 3 
1, 3 
1, 3 
1, 3 
1, 3 
1, 6 
13, 43 
20, 46 
1, 3 
1, 3 
4, 11 
6, 23 
11, 27 
2, 7 
2, 7 
1, 2 
1, 3 
1, 2 
1, 2 
1, 2 
1, 3 
1, 3 
1, 3 
2, 7 
1, 9 
1, 3 
1, 3 
3, 8 
1, 3 
1, 8 
1, 3 
3, 8 
1, 3 
1, 3 
1, 3 
1, 3 
1, 4 
3, 8 
1, 3 
1, 3 
1, 3 
1, 3 
1, 3 
1, 3 
1, 3 
1, 3 
1, 3 
1, 3 
10, 30 
1, 11 
8, 43 
19, 72 
3, 7 
15, 41 
1, 4 
1, 5 
4, 12 
1, 3 
1, 3 
1, 3 
2, 7 
2, 7 
2, 7 
1, 4 
1, 3 
1, 3 
1, 3 
1, 3 
1, 3 
1, 7 
1, 1 
1, 1 
1, 1 
1, 1 
1, 1 
1, 1 
1, 3 
1, 3 
1, 4 
1, 3 
1, 3 
1, 6 
5, 28 
5, 15 
4, 9 
13, 34 
1, 3 
1, 2 
1, 3 
3, 9 
1, 3 
1, 3 
2, 3 
1, 3 
1, 3 
1, 3 
4, 17 
3, 7 
1, 6 
2, 5 
4, 10 
3, 10 
9, 35 
1, 3 
1, 3 
3, 5 
3, 10 
2, 10 
1, 11 
2, 8 
2, 13 
1, 3 
2, 13 
6, 15 
4, 6 
3, 6 
1, 3 
3, 6 
2, 6 
1, 3 
1, 3 
1, 3 
2, 8 
1, 3 
1, 3 
1, 3 
1, 3 
1, 6 
2, 13 
4, 6 
1, 3 
1, 3 
1, 3 
1, 3 
1, 3 
2, 5 
1, 3 
1, 3 
1, 3 
1, 3 
1, 3 
1, 2 
19, 76 
5, 14 
3, 6 
1, 3 
1, 3 
1, 3 
1, 3 
1, 3 
1, 3 
1, 3 
1, 3 
1, 3 
3, 6 
1, 3 
1, 3 
1, 3 
1, 3 
1, 3 
3, 6 
1, 21 
1, 3 
1, 3 
1, 3 
1, 3 
1, 3 
1, 3 
1, 3 
1, 3 
1, 3 
1, 3 
1, 3 
1, 3 
1, 3 
1, 3 
1, 3 
1, 3 
15, 68 
8, 36 
2, 7 
1, 3 
1, 3 
2, 10 
2, 4 
3, 5 
3, 5 
3, 5 
3, 5 
3, 5 
3, 5 
3, 5 
1, 5 
1, 2 
10, 23 
1, 3 
1, 3 
1, 3 
1, 3 
3, 11 
2, 10 
1, 6 
1, 4 
4, 10 
1, 4 
1, 3 
2, 8 
1, 4 
4, 10 
1, 8 
1, 7 
1, 5 
1, 5 
1, 3 
1, 3 
3, 5 
2, 5 
1, 7 
1, 3 
3, 5 
3, 5 
5, 15 
3, 7 
1, 3 
1, 3 
4, 11 
3, 7 
1, 3 
1, 3 
1, 3 
1, 3 
1, 3 
3, 5 
1, 3 
3, 5 
3, 5 
2, 6 
1, 3 
1, 3 
1, 3 
1, 3 
1, 5 
1, 3 
1, 3 
1, 1 
1, 1 
1, 1 
1, 1 
1, 1 
1, 1 
1, 1 
1, 1 
1, 3 
4, 11 
1, 4 
2, 6 
4, 11 
1, 2 
1, 3 
2, 5 
2, 5 
1, 3 
1, 8 
4, 12 
2, 7 
1, 4 
3, 10 
5, 14 
1, 3 
36, 116 
5, 9 
3, 10 
1, 3 
1, 3 
1, 3 
1, 3 
1, 3 
1, 3 
1, 3 
1, 3 
1, 3 
1, 3 
1, 3 
7, 9 
2, 6 
1, 3 
1, 3 
1, 3 
1, 3 
1, 4 
1, 3 
1, 3 
13, 31 
2, 6 
6, 19 
1, 3 
1, 3 
1, 3 
2, 6 
1, 3 
1, 4 
1, 3 
2, 6 
2, 6 
2, 6 
3, 8 
2, 6 
2, 6 
5, 20 
2, 6 
2, 6 
2, 6 
2, 6 
2, 6 
2, 6 
2, 7 
2, 7 
2, 5 
1, 3 
1, 3 
1, 2 
2, 5 
5, 11 
5, 12 
11, 24 
1, 3 
1, 3 
1, 3 
1, 3 
1, 3 
1, 3 
1, 8 
1, 3 
1, 3 
1, 3 
21, 86 
5, 16 
5, 13 
5, 21 
1, 3 
1, 3 
1, 3 
1, 3 
1, 3 
1, 3 
1, 3 
1, 3 
1, 2 
1, 7 
1, 2 
2, 6 
11, 13 
1, 3 
1, 3 
1, 3 
1, 3 
1, 3 
1, 3 
1, 3 
4, 18 
1, 4 
6, 19 
1, 3 
1, 3 
1, 3 
3, 11 
2, 19 
1, 3 
1, 3 
1, 3 
1, 3 
5, 16 
38, 91 
1, 3 
1, 3 
1, 3 
1, 3 
1, 3 
1, 3 
1, 3 
1, 3 
1, 3 
1, 3 
1, 3 
1, 3 
1, 3 
1, 3 
1, 3 
1, 3 
1, 3 
1, 3 
1, 3 
1, 3 
1, 3 
1, 3 
1, 3 
1, 3 
1, 3 
1, 3 
1, 3 
3, 9 
3, 7 
1, 3 
2, 6 
1, 3 
1, 3 
2, 6 
1, 4 
1, 4 
1, 3 
1, 3 
1, 3 
5, 24 
20, 66 
8, 20 
11, 24 
23, 62 
6, 21 
6, 12 
2, 12 
2, 9 
1, 3 
1, 4 
1, 3 
1, 3 
1, 2 
1, 2 
3, 33 
1, 6 
8, 29 
4, 13 
1, 3 
1, 3 
1, 3 
1, 3 
1, 3 
1, 3 
2, 5 
1, 3 
3, 14 
1, 3 
1, 3 
1, 3 
1, 3 
1, 3 
1, 3 
2, 10 
1, 3 
1, 3 
1, 8 
1, 3 
1, 3 
3, 11 
15, 39 
10, 20 
1, 2 
9, 28 
6, 18 
4, 15 
7, 40 
7, 23 
1, 4 
1, 3 
1, 4 
1, 3 
1, 2 
1, 2 
1, 2 
1, 2 
1, 2 
1, 2 
1, 2 
1, 2 
1, 2 
1, 2 
1, 4 
1, 4 
1, 2 
1, 2 
1, 2 
1, 2 
1, 2 
1, 2 
1, 2 
1, 2 
1, 2 
1, 2 
1, 2 
1, 2 
1, 2 
1, 2 
1, 2 
1, 2 
1, 2 
1, 2 
50, 118 
1, 3 
3, 11 
3, 14 
7, 32 
1, 3 
15, 39 
10, 20 
1, 2 
1, 3 
6, 18 
4, 9 
12, 26 
4, 10 
4, 15 
7, 40 
33, 87 
1, 1 
1, 3 
7, 23 
6, 19 
1, 3 
1, 4 
1, 2 
1, 3 
1, 3 
2, 5 
1, 6 
1, 3 
1, 3 
1, 3 
1, 3 
3, 8 
2, 21 
1, 3 
1, 3 
1, 3 
1, 3 
1, 3 
1, 3 
1, 3 
1, 3 
4, 10 
13, 47 
8, 25 
4, 16 
2, 6 
1, 3 
1, 3 
1, 3 
1, 3 
1, 3 
1, 3 
1, 3 
1, 3 
1, 3 
1, 3 
1, 3 
1, 3 
1, 3 
1, 3 
1, 3 
1, 3 
1, 3 
2, 6 
1, 3 
1, 3 
1, 3 
2, 6 
1, 3 
1, 3 
1, 3 
2, 6 
1, 3 
1, 3 
1, 3 
3, 12 
1, 3 
1, 3 
1, 3 
1, 3 
1, 3 
1, 3 
1, 3 
1, 3 
1, 3 
1, 3 
1, 3 
12, 46 
3, 12 
7, 17 
4, 11 
1, 3 
7, 27 
3, 13 
2, 7 
1, 4 
8, 23 
2, 9 
1, 3 
2, 9 
1, 3 
4, 11 
3, 7 
2, 6 
5, 11 
2, 5 
2, 10 
1, 8 
1, 5 
6, 10 
7, 10 
1, 3 
2, 4 
1, 3 
1, 3 
1, 3 
1, 3 
1, 3 
1, 3 
2, 5 
1, 3 
1, 3 
19, 82 
6, 16 
1, 3 
3, 6 
1, 3 
1, 3 
1, 3 
1, 4 
1, 3 
1, 3 
1, 4 
1, 3 
1, 3 
1, 3 
1, 3 
1, 3 
1, 3 
1, 3 
1, 3 
1, 3 
1, 3 
1, 3 
1, 3 
1, 3 
2, 6 
1, 3 
1, 3 
2, 6 
3, 6 
3, 6 
1, 3 
2, 5 
1, 3 
1, 3 
1, 3 
1, 4 
5, 8 
1, 3 
1, 3 
1, 3 
1, 3 
1, 3 
1, 3 
2, 6 
1, 3 
1, 3 
1, 3 
1, 3 
1, 25 
1, 3 
1, 3 
1, 3 
1, 3 
5, 32 
1, 3 
9, 16 
3, 8 
1, 3 
1, 3 
7, 14 
2, 5 
2, 5 
10, 25 
6, 37 
1, 2 
12, 87 
15, 31 
1, 3 
1, 4 
1, 4 
1, 5 
1, 3 
3, 11 
1, 3 
1, 3 
1, 3 
1, 3 
1, 3 
4, 6 
5, 14 
1, 3 
1, 3 
1, 3 
1, 3 
3, 5 
1, 3 
1, 3 
1, 3 
1, 3 
9, 37 
1, 3 
1, 4 
1, 3 
7, 26 
3, 11 
1, 3 
1, 3 
1, 3 
1, 3 
1, 3 
1, 3 
4, 6 
5, 14 
1, 3 
1, 3 
3, 7 
1, 3 
3, 5 
1, 3 
1, 3 
1, 3 
1, 3 
4, 15 
5, 17 
1, 3 
2, 6 
10, 31 
2, 9 
11, 43 
6, 17 
3, 11 
12, 32 
1, 3 
1, 4 
1, 3 
1, 3 
1, 3 
1, 3 
1, 3 
1, 3 
1, 4 
1, 6 
1, 7 
1, 9 
1, 6 
1, 7 
1, 3 
1, 3 
1, 3 
1, 3 
1, 3 
1, 3 
4, 12 
1, 3 
1, 3 
1, 6 
2, 7 
1, 5 
6, 13 
7, 16 
1, 3 
1, 3 
1, 9 
1, 3 
1, 3 
1, 3 
1, 3 
1, 4 
4, 7 
8, 23 
1, 3 
1, 3 
3, 9 
1, 4 
3, 9 
29, 75 
8, 19 
5, 7 
1, 4 
1, 3 
10, 38 
1, 2 
2, 5 
1, 3 
4, 19 
3, 17 
1, 3 
2, 9 
1, 10 
14, 35 
1, 3 
1, 3 
1, 3 
1, 3 
3, 8 
1, 1 
1, 1 
1, 3 
2, 7 
1, 5 
2, 6 
2, 6 
2, 5 
2, 6 
1, 3 
5, 14 
1, 3 
1, 4 
3, 14 
3, 9 
3, 10 
2, 7 
1, 3 
1, 3 
2, 6 
1, 3 
13, 41 
3, 10 
1, 3 
1, 3 
1, 3 
1, 3 
14, 34 
5, 25 
2, 7 
1, 5 
2, 6 
2, 6 
2, 6 
2, 5 
2, 6 
2, 5 
2, 5 
3, 7 
1, 2 
1, 2 
9, 22 
1, 11 
1, 5 
2, 9 
1, 3 
2, 6 
6, 17 
1, 3 
1, 3 
1, 4 
1, 3 
1, 3 
2, 8 
2, 5 
1, 3 
1, 3 
1, 3 
7, 19 
2, 4 
1, 3 
1, 3 
4, 12 
1, 3 
1, 3 
1, 3 
1, 3 
1, 3 
1, 4 
1, 3 
1, 4 
5, 17 
19, 56 
4, 20 
34, 77 
22, 48 
1, 3 
36, 84 
4, 13 
9, 29 
1, 2 
1, 3 
1, 3 
1, 2 
6, 32 
1, 2 
8, 14 
3, 13 
20, 51 
13, 37 
21, 64 
5, 11 
8, 37 
2, 6 
5, 15 
14, 48 
2, 9 
52, 167 
4, 11 
3, 7 
5, 13 
8, 28 
2, 7 
4, 12 
2, 25 
1, 3 
3, 16 
3, 16 
3, 16 
3, 17 
3, 10 
3, 11 
3, 12 
12, 62 
1, 4 
1, 4 
3, 6 
1, 3 
1, 3 
1, 3 
1, 3 
1, 3 
1, 3 
1, 3 
1, 3 
1, 3 
1, 3 
1, 3 
1, 3 
1, 3 
1, 3 
1, 3 
1, 3 
1, 3 
1, 3 
1, 3 
1, 3 
1, 3 
1, 4 
5, 19 
1, 7 
5, 7 
6, 12 
10, 13 
20, 63 
2, 6 
3, 8 
1, 4 
1, 4 
3, 8 
4, 11 
3, 6 
1, 7 
2, 6 
1, 3 
1, 4 
1, 3 
1, 3 
1, 3 
1, 3 
1, 3 
1, 3 
1, 6 
24, 107 
1, 3 
1, 7 
1, 3 
1, 3 
1, 3 
4, 16 
1, 13 
15, 28 
1, 3 
1, 8 
2, 6 
5, 12 
7, 15 
2, 4 
2, 9 
1, 3 
2, 5 
3, 13 
4, 12 
7, 21 
3, 11 
2, 11 
2, 8 
2, 8 
1, 3 
3, 8 
3, 12 
9, 25 
12, 32 
1, 3 
1, 3 
2, 7 
2, 7 
1, 2 
1, 3 
1, 3 
5, 9 
5, 11 
4, 12 
8, 22 
7, 18 
1, 3 
1, 3 
2, 7 
2, 7 
1, 2 
1, 3 
5, 9 
1, 2 
2, 6 
1, 3 
2, 6 
4, 8 
2, 4 
1, 3 
1, 3 
1, 3 
1, 3 
1, 3 
1, 3 
1, 3 
1, 3 
2, 5 
2, 5 
1, 3 
1, 3 
1, 3 
1, 3 
1, 3 
1, 3 
1, 3 
1, 3 
2, 7 
1, 3 
1, 3 
1, 5 
3, 8 
6, 23 
1, 3 
1, 3 
1, 3 
1, 3 
1, 3 
1, 3 
1, 3 
1, 3 
1, 3 
1, 3 
1, 3 
1, 3 
1, 3 
1, 3 
1, 3 
1, 3 
1, 3 
2, 5 
1, 3 
1, 3 
12, 40 
15, 37 
1, 8 
15, 27 
2, 6 
1, 3 
5, 16 
5, 16 
4, 12 
4, 12 
4, 13 
5, 16 
2, 8 
1, 6 
1, 5 
11, 22 
12, 68 
1, 3 
1, 3 
1, 3 
2, 5 
1, 3 
1, 3 
1, 3 
1, 3 
1, 3 
1, 3 
1, 3 
1, 3 
1, 3 
1, 10 
16, 77 
9, 20 
3, 8 
9, 26 
9, 20 
1, 3 
2, 5 
1, 3 
1, 3 
2, 6 
1, 3 
1, 3 
1, 3 
1, 3 
2, 13 
2, 6 
3, 13 
10, 45 
5, 17 
7, 47 
1, 2 
1, 7 
1, 3 
1, 2 
1, 3 
1, 1 
1, 2 
1, 2 
1, 2 
1, 2 
1, 2 
1, 2 
1, 2 
1, 2 
1, 2 
1, 2 
1, 2 
1, 2 
1, 2 
1, 2 
1, 2 
1, 2 
1, 2 
1, 2 
1, 2 
1, 2 
1, 2 
1, 2 
1, 2 
1, 2 
1, 2 
1, 2 
1, 2 
1, 2 
1, 2 
1, 2 
1, 2 
1, 2 
1, 2 
1, 2 
1, 2 
1, 2 
1, 2 
1, 2 
1, 2 
1, 3 
5, 16 
1, 3 
1, 8 
1, 3 
1, 3 
1, 7 
1, 3 
1, 7 
1, 3 
1, 7 
1, 3 
1, 3 
1, 7 
1, 3 
1, 3 
3, 7 
1, 3 
16, 61 
6, 14 
2, 4 
2, 5 
3, 8 
14, 70 
1, 2 
1, 3 
1, 3 
1, 2 
1, 3 
1, 3 
1, 3 
1, 3 
1, 3 
4, 15 
2, 10 
4, 15 
1, 3 
1, 3 
2, 7 
1, 3 
3, 10 
7, 12 
1, 3 
3, 10 
1, 3 
10, 27 
12, 42 
4, 17 
2, 6 
3, 10 
1, 3 
3, 7 
2, 4 
1, 3 
2, 12 
2, 6 
1, 3 
1, 3 
1, 3 
1, 3 
3, 9 
1, 3 
1, 3 
1, 3 
5, 16 
1, 3 
4, 15 
15, 46 
2, 10 
4, 15 
1, 3 
1, 3 
1, 3 
1, 3 
1, 3 
1, 3 
1, 3 
1, 3 
1, 3 
1, 3 
1, 3 
1, 3 
1, 3 
1, 3 
1, 3 
1, 3 
1, 3 
1, 3 
1, 3 
1, 3 
1, 3 
1, 3 
3, 6 
4, 5 
8, 14 
2, 9 
11, 30 
11, 34 
2, 6 
5, 10 
3, 11 
1, 4 
1, 1 
2, 7 
1, 3 
7, 12 
1, 3 
1, 3 
5, 15 
10, 27 
4, 17 
2, 6 
3, 10 
1, 3 
3, 7 
2, 4 
1, 3 
2, 12 
3, 9 
1, 3 
3, 9 
4, 10 
1, 3 
4, 14 
22, 45 
1, 4 
1, 3 
1, 3 
2, 4 
2, 4 
1, 3 
1, 3 
27, 70 
9, 23 
4, 10 
1, 4 
1, 3 
1, 3 
1, 3 
2, 6 
1, 4 
3, 8 
3, 8 
1, 3 
1, 3 
1, 3 
1, 3 
1, 3 
1, 3 
2, 5 
1, 3 
1, 3 
1, 4 
1, 4 
1, 4 
1, 4 
1, 4 
1, 4 
1, 3 
1, 3 
1, 3 
1, 3 
18, 70 
10, 28 
8, 21 
1, 3 
1, 3 
1, 3 
1, 3 
1, 3 
1, 3 
1, 3 
1, 3 
1, 3 
1, 3 
1, 3 
1, 3 
1, 3 
3, 6 
1, 3 
8, 24 
4, 9 
4, 12 
5, 14 
2, 7 
11, 32 
2, 7 
5, 11 
5, 11 
1, 3 
1, 3 
1, 3 
2, 8 
1, 4 
3, 9 
3, 8 
4, 10 
5, 15 
1, 3 
1, 4 
2, 5 
1, 3 
1, 3 
1, 3 
1, 3 
2, 4 
5, 4 
1, 3 
1, 3 
2, 6 
1, 12 
1, 3 
1, 3 
1, 3 
1, 5 
1, 4 
1, 3 
1, 3 
1, 3 
1, 3 
13, 28 
2, 13 
3, 14 
3, 11 
1, 4 
1, 3 
1, 5 
1, 3 
1, 3 
1, 3 
2, 5 
1, 3 
1, 5 
1, 3 
2, 5 
2, 8 
1, 3 
1, 3 
2, 5 
3, 7 
8, 15 
1, 6 
1, 4 
2, 8 
7, 12 
2, 5 
5, 15 
1, 12 
1, 6 
1, 13 
4, 37 
1, 3 
3, 8 
1, 3 
1, 3 
1, 13 
4, 37 
1, 3 
1, 3 
1, 3 
1, 3 
1, 10 
2, 6 
3, 7 
4, 6 
1, 3 
1, 2 
1, 3 
1, 4 
1, 3 
1, 3 
1, 3 
1, 3 
1, 3 
1, 3 
1, 3 
1, 3 
1, 3 
1, 3 
11, 42 
6, 17 
1, 3 
4, 13 
8, 25 
1, 3 
5, 11 
2, 9 
4, 37 
1, 3 
1, 3 
1, 3 
3, 8 
1, 3 
12, 53 
2, 6 
3, 7 
4, 6 
1, 3 
1, 3 
1, 2 
1, 3 
1, 3 
1, 5 
1, 3 
1, 3 
1, 3 
1, 3 
1, 3 
1, 5 
1, 4 
1, 4 
1, 4 
1, 3 
2, 6 
1, 3 
1, 3 
1, 3 
1, 3 
1, 3 
1, 3 
18, 48 
15, 42 
1, 3 
1, 3 
1, 3 
1, 3 
1, 3 
1, 3 
1, 3 
1, 3 
1, 3 
1, 3 
1, 3 
1, 3 
1, 3 
1, 3 
1, 3 
1, 3 
1, 3 
3, 9 
3, 5 
20, 42 
1, 3 
1, 3 
2, 8 
1, 3 
1, 3 
3, 6 
1, 3 
1, 3 
1, 6 
4, 10 
1, 3 
2, 8 
1, 3 
1, 3 
1, 3 
4, 12 
1, 4 
1, 8 
1, 3 
1, 8 
2, 9 
1, 8 
1, 7 
1, 7 
1, 3 
4, 18 
19, 57 
4, 12 
3, 12 
7, 34 
1, 3 
2, 9 
2, 10 
4, 13 
1, 3 
1, 3 
1, 3 
1, 3 
1, 3 
1, 3 
1, 3 
1, 3 
1, 3 
1, 3 
1, 3 
1, 3 
3, 11 
5, 17 
1, 7 
1, 3 
2, 29 
1, 3 
1, 3 
1, 3 
46, 172 
28, 104 
1, 3 
1, 3 
1, 3 
1, 3 
1, 3 
1, 3 
1, 3 
1, 3 
1, 3 
1, 4 
2, 6 
1, 4 
2, 5 
3, 8 
1, 3 
1, 6 
13, 39 
1, 5 
4, 16 
2, 6 
2, 6 
5, 10 
1, 3 
1, 3 
1, 3 
1, 8 
1, 3 
1, 3 
1, 3 
1, 3 
1, 4 
1, 3 
1, 3 
1, 3 
1, 3 
1, 3 
1, 3 
1, 3 
9, 16 
4, 8 
2, 5 
1, 5 
1, 3 
1, 5 
1, 3 
2, 6 
1, 4 
1, 3 
1, 2 
4, 11 
5, 27 
1, 2 
1, 3 
2, 8 
2, 8 
2, 8 
4, 15 
2, 19 
2, 10 
1, 4 
2, 4 
1, 4 
1, 3 
2, 7 
1, 3 
1, 3 
2, 7 
1, 2 
2, 8 
1, 3 
1, 3 
4, 9 
1, 3 
2, 5 
1, 3 
1, 3 
4, 5 
3, 11 
2, 3 
5, 8 
1, 3 
4, 6 
2, 5 
4, 8 
1, 3 
1, 3 
3, 10 
6, 16 
6, 13 
23, 52 
4, 10 
2, 3 
2, 3 
2, 6 
6, 13 
1, 3 
1, 6 
3, 86 
1, 3 
1, 8 
11, 40 
5, 10 
5, 16 
5, 12 
1, 5 
56, 123 
1, 3 
1, 3 
1, 3 
1, 3 
1, 3 
2, 9 
2, 5 
2, 6 
3, 12 
8, 26 
5, 10 
6, 6 
51, 117 
5, 11 
1, 1 
1, 1 
1, 1 
1, 1 
1, 1 
1, 1 
1, 1 
1, 1 
1, 3 
1, 3 
1, 3 
1, 3 
1, 3 
1, 3 
3, 6 
1, 3 
1, 3 
1, 3 
1, 3 
1, 3 
4, 7 
1, 4 
1, 3 
6, 13 
1, 3 
3, 8 
1, 3 
18, 42 
4, 8 
1, 3 
2, 6 
1, 3 
1, 4 
1, 14 
1, 3 
2, 5 
1, 1 
1, 1 
1, 4 
1, 3 
1, 3 
1, 3 
4, 4 
1, 3 
1, 3 
1, 3 
4, 12 
1, 3 
3, 5 
2, 4 
1, 4 
1, 3 
1, 3 
1, 3 
4, 4 
1, 5 
5, 26 
2, 8 
1, 3 
1, 3 
1, 3 
1, 3 
4, 11 
4, 10 
2, 5 
2, 5 
1, 5 
2, 5 
7, 23 
2, 5 
1, 3 
4, 13 
2, 4 
1, 3 
1, 2 
1, 5 
1, 3 
1, 3 
1, 2 
1, 2 
1, 4 
1, 3 
2, 5 
1, 3 
1, 3 
1, 3 
2, 5 
1, 3 
1, 3 
2, 6 
3, 11 
1, 2 
1, 5 
1, 4 
1, 3 
1, 3 
1, 3 
1, 3 
1, 3 
1, 18 
4, 47 
1, 3 
1, 3 
1, 3 
1, 3 
1, 3 
1, 3 
1, 3 
1, 3 
1, 3 
1, 3 
4, 7 
1, 4 
1, 3 
1, 4 
1, 3 
2, 7 
1, 4 
1, 5 
1, 4 
1, 3 
1, 3 
1, 5 
1, 5 
1, 3 
1, 3 
1, 6 
1, 6 
1, 6 
1, 3 
1, 3 
1, 3 
1, 3 
2, 9 
1, 3 
1, 3 
1, 3 
1, 3 
3, 7 
4, 11 
1, 4 
1, 3 
2, 10 
4, 9 
1, 4 
1, 3 
1, 3 
1, 3 
1, 3 
1, 3 
8, 21 
1, 3 
1, 5 
1, 3 
6, 14 
1, 3 
6, 14 
1, 3 
9, 26 
1, 3 
1, 3 
1, 3 
1, 3 
6, 14 
1, 4 
1, 3 
1, 3 
1, 3 
2, 5 
1, 3 
3, 9 
1, 4 
1, 3 
1, 3 
1, 3 
1, 3 
18, 48 
1, 3 
11, 17 
1, 3 
1, 3 
3, 16 
1, 3 
8, 25 
1, 3 
1, 6 
1, 6 
4, 8 
7, 20 
7, 19 
5, 15 
1, 3 
2, 4 
1, 3 
5, 20 
3, 8 
1, 3 
2, 4 
1, 3 
1, 3 
1, 4 
13, 49 
1, 4 
1, 4 
10, 22 
1, 4 
1, 5 
2, 4 
5, 12 
2, 6 
4, 16 
19, 45 
1, 4 
5, 24 
1, 4 
1, 3 
5, 20 
3, 8 
3, 9 
1, 3 
1, 3 
2, 6 
7, 17 
1, 5 
1, 4 
1, 3 
1, 3 
1, 2 
2, 6 
1, 4 
1, 6 
17, 47 
1, 2 
1, 2 
7, 12 
3, 6 
1, 3 
1, 3 
1, 3 
5, 27 
3, 8 
1, 5 
5, 12 
1, 7 
2, 6 
1, 3 
9, 24 
1, 6 
1, 3 
2, 4 
2, 4 
4, 15 
6, 18 
8, 17 
19, 47 
24, 42 
6, 11 
13, 36 
10, 40 
1, 4 
12, 17 
1, 3 
1, 3 
7, 25 
7, 32 
1, 3 
5, 27 
5, 43 
1, 3 
1, 4 
1, 6 
46, 105 
17, 47 
1, 2 
7, 12 
3, 8 
1, 5 
2, 6 
1, 7 
1, 3 
6, 15 
9, 24 
5, 28 
1, 6 
1, 3 
2, 4 
2, 4 
2, 4 
6, 18 
8, 17 
24, 42 
6, 11 
6, 11 
10, 40 
1, 4 
12, 17 
1, 3 
9, 15 
1, 3 
7, 25 
7, 32 
2, 9 
6, 22 
1, 3 
1, 3 
5, 27 
5, 43 
1, 3 
1, 3 
7, 24 
9, 28 
7, 14 
5, 23 
1, 3 
1, 2 
1, 2 
1, 3 
1, 2 
1, 2 
7, 29 
1, 3 
39, 145 
1, 3 
1, 3 
1, 3 
1, 3 
1, 3 
3, 5 
1, 3 
23, 83 
1, 6 
1, 6 
1, 4 
5, 13 
5, 12 
2, 7 
2, 6 
1, 3 
1, 2 
1, 5 
1, 2 
1, 2 
1, 2 
1, 2 
1, 2 
1, 2 
1, 2 
9, 34 
1, 3 
1, 4 
1, 4 
1, 4 
1, 4 
1, 4 
2, 6 
2, 6 
3, 10 
4, 12 
1, 4 
4, 10 
1, 4 
2, 6 
1, 3 
1, 3 
1, 3 
1, 3 
1, 3 
1, 3 
2, 9 
1, 3 
1, 3 
1, 3 
1, 3 
1, 3 
1, 3 
1, 4 
1, 3 
1, 3 
1, 3 
1, 3 
1, 3 
3, 8 
2, 5 
5, 16 
1, 3 
4, 12 
7, 20 
1, 4 
1, 4 
2, 4 
1, 3 
1, 3 
1, 3 
4, 10 
1, 4 
1, 3 
1, 3 
2, 14 
3, 6 
1, 3 
1, 3 
1, 3 
1, 3 
3, 8 
1, 3 
2, 5 
5, 12 
5, 16 
6, 16 
4, 12 
1, 3 
1, 6 
1, 3 
1, 3 
1, 3 
1, 2 
2, 11 
1, 3 
1, 5 
3, 10 
1, 11 
2, 8 
1, 2 
7, 23 
1, 4 
1, 3 
1, 3 
1, 2 
1, 3 
1, 3 
1, 3 
3, 8 
2, 4 
2, 4 
2, 4 
1, 3 
2, 4 
1, 3 
1, 3 
6, 28 
10, 30 
10, 34 
1, 3 
1, 3 
1, 3 
1, 3 
1, 5 
1, 4 
8, 25 
7, 14 
2, 4 
2, 12 
5, 16 
1, 3 
1, 3 
1, 3 
7, 17 
2, 5 
5, 13 
1, 4 
4, 15 
4, 13 
3, 7 
5, 13 
11, 30 
3, 7 
7, 24 
1, 4 
1, 2 
1, 2 
1, 3 
1, 4 
1, 3 
3, 9 
2, 5 
1, 4 
1, 4 
1, 2 
1, 3 
1, 2 
1, 10 
1, 8 
1, 8 
2, 12 
4, 14 
1, 3 
1, 3 
1, 3 
2, 9 
2, 9 
5, 12 
6, 13 
6, 13 
2, 5 
9, 19 
2, 9 
1, 3 
5, 11 
4, 20 
6, 33 
4, 12 
1, 3 
1, 7 
3, 9 
2, 6 
2, 6 
2, 6 
2, 6 
2, 6 
2, 6 
1, 3 
1, 4 
1, 4 
1, 4 
1, 4 
1, 4 
1, 4 
1, 4 
4, 9 
2, 4 
2, 6 
1, 3 
1, 3 
2, 4 
2, 6 
2, 6 
2, 3 
1, 4 
1, 6 
1, 10 
2, 7 
1, 3 
1, 3 
1, 3 
1, 3 
1, 3 
1, 3 
2, 6 
3, 9 
4, 9 
1, 3 
1, 3 
1, 3 
1, 3 
7, 14 
2, 5 
1, 3 
1, 3 
1, 3 
1, 3 
1, 3 
1, 3 
1, 3 
1, 3 
1, 3 
1, 3 
1, 3 
1, 3 
1, 3 
1, 3 
1, 3 
1, 3 
1, 7 
1, 3 
1, 3 
1, 7 
1, 7 
1, 7 
2, 8 
1, 3 
1, 7 
1, 3 
1, 3 
1, 6 
1, 3 
1, 3 
1, 6 
1, 3 
1, 4 
1, 7 
1, 3 
1, 3 
1, 3 
1, 3 
2, 5 
1, 3 
1, 3 
1, 3 
3, 12 
1, 3 
1, 3 
1, 3 
1, 3 
1, 3 
1, 3 
1, 3 
1, 3 
1, 3 
10, 31 
2, 5 
5, 11 
1, 3 
1, 3 
1, 3 
4, 9 
1, 3 
1, 7 
1, 7 
1, 3 
3, 7 
1, 7 
1, 3 
1, 7 
1, 7 
1, 3 
1, 3 
1, 3 
3, 11 
5, 22 
1, 3 
1, 3 
1, 3 
1, 3 
1, 7 
4, 16 
1, 3 
2, 5 
1, 3 
1, 3 
1, 7 
1, 3 
1, 7 
1, 8 
1, 4 
1, 8 
3, 13 
4, 12 
8, 16 
7, 23 
1, 5 
1, 5 
6, 18 
2, 9 
1, 3 
1, 4 
1, 5 
4, 11 
1, 5 
2, 9 
4, 21 
2, 9 
4, 14 
2, 9 
1, 3 
1, 4 
1, 3 
2, 6 
1, 4 
1, 5 
1, 3 
1, 4 
1, 3 
1, 4 
1, 6 
1, 3 
1, 3 
1, 6 
1, 4 
3, 7 
1, 4 
1, 4 
1, 6 
2, 9 
3, 7 
1, 4 
1, 4 
6, 23 
6, 17 
6, 18 
6, 18 
1, 5 
1, 4 
1, 5 
1, 5 
1, 5 
6, 17 
2, 10 
6, 17 
7, 18 
6, 17 
6, 17 
2, 5 
1, 4 
1, 6 
1, 10 
19, 68 
12, 54 
10, 47 
7, 26 
7, 22 
67, 169 
8, 18 
5, 12 
6, 17 
13, 22 
2, 10 
6, 12 
3, 8 
10, 31 
2, 7 
5, 15 
2, 6 
6, 21 
5, 17 
1, 3 
7, 24 
18, 49 
1, 3 
8, 16 
7, 25 
3, 9 
1, 10 
1, 3 
1, 3 
1, 3 
1, 3 
1, 3 
1, 3 
1, 3 
1, 3 
1, 3 
1, 3 
1, 3 
1, 3 
1, 3 
1, 3 
1, 3 
1, 3 
1, 3 
1, 6 
1, 3 
9, 33 
14, 40 
1, 4 
2, 6 
1, 5 
3, 7 
2, 8 
8, 24 
8, 11 
1, 2 
9, 22 
6, 8 
1, 3 
19, 32 
1, 3 
18, 29 
1, 3 
1, 3 
1, 3 
1, 3 
5, 14 
2, 7 
1, 3 
1, 8 
1, 2 
5, 23 
1, 2 
1, 3 
1, 2 
1, 4 
57, 132 
1, 3 
1, 3 
1, 3 
1, 3 
1, 3 
1, 3 
1, 3 
1, 3 
1, 3 
1, 4 
1, 3 
1, 3 
1, 3 
1, 3 
8, 16 
8, 29 
3, 13 
5, 21 
5, 13 
5, 16 
1, 3 
1, 3 
1, 4 
1, 3 
1, 4 
1, 3 
1, 3 
1, 3 
9, 21 
2, 6 
3, 7 
9, 21 
3, 7 
1, 3 
3, 7 
1, 6 
1, 3 
9, 21 
3, 11 
2, 8 
7, 21 
1, 4 
1, 3 
1, 6 
1, 3 
7, 19 
1, 4 
1, 3 
1, 10 
19, 34 
5, 11 
4, 8 
6, 16 
1, 3 
12, 32 
3, 10 
6, 17 
1, 3 
3, 10 
3, 11 
3, 10 
5, 13 
1, 3 
1, 3 
1, 4 
1, 2 
1, 2 
1, 2 
1, 2 
1, 2 
1, 2 
1, 3 
1, 2 
1, 2 
1, 2 
1, 2 
1, 2 
1, 2 
1, 2 
1, 2 
1, 2 
1, 2 
1, 3 
1, 3 
1, 3 
1, 2 
1, 2 
1, 2 
1, 3 
1, 2 
1, 3 
1, 5 
1, 3 
1, 4 
1, 3 
1, 4 
1, 3 
1, 3 
1, 3 
1, 3 
2, 7 
1, 3 
2, 12 
4, 10 
1, 5 
1, 3 
1, 3 
1, 4 
1, 4 
1, 4 
1, 3 
1, 3 
1, 3 
2, 5 
2, 9 
1, 4 
1, 3 
1, 3 
4, 15 
1, 4 
1, 3 
2, 5 
2, 9 
1, 4 
1, 3 
5, 12 
5, 13 
6, 18 
6, 13 
1, 4 
12, 32 
1, 5 
1, 5 
1, 3 
1, 4 
1, 4 
1, 3 
1, 3 
1, 3 
1, 3 
1, 3 
1, 3 
1, 3 
1, 3 
1, 3 
1, 3 
1, 3 
1, 3 
1, 3 
3, 9 
3, 17 
4, 16 
5, 10 
3, 7 
1, 2 
1, 3 
1, 3 
1, 3 
1, 3 
1, 3 
1, 3 
5, 14 
7, 20 
1, 4 
1, 4 
1, 4 
1, 4 
1, 4 
1, 3 
1, 4 
1, 3 
1, 3 
1, 3 
1, 4 
1, 3 
1, 3 
4, 11 
4, 11 
1, 4 
1, 4 
1, 4 
1, 4 
1, 4 
1, 6 
1, 3 
1, 3 
1, 3 
1, 4 
1, 3 
1, 4 
1, 4 
7, 24 
1, 3 
1, 3 
8, 27 
7, 23 
19, 57 
2, 11 
1, 2 
2, 6 
3, 8 
3, 9 
3, 10 
3, 9 
2, 5 
1, 3 
1, 3 
1, 3 
1, 3 
1, 3 
1, 3 
1, 3 
1, 3 
1, 3 
1, 3 
1, 4 
1, 4 
1, 5 
10, 24 
4, 10 
4, 12 
3, 8 
1, 2 
1, 3 
15, 83 
6, 16 
1, 4 
1, 4 
27, 64 
1, 3 
31, 74 
3, 6 
1, 5 
9, 26 
14, 19 
1, 2 
1, 2 
1, 2 
1, 3 
4, 8 
1, 4 
1, 3 
1, 3 
1, 3 
1, 3 
1, 4 
1, 3 
1, 3 
1, 3 
1, 3 
1, 3 
1, 3 
1, 3 
1, 3 
1, 3 
1, 3 
1, 3 
1, 3 
1, 3 
3, 8 
1, 3 
1, 3 
1, 2 
1, 2 
1, 2 
1, 4 
1, 3 
1, 3 
1, 3 
1, 3 
1, 3 
1, 3 
1, 3 
1, 3 
1, 3 
1, 3 
1, 3 
1, 3 
1, 3 
1, 3 
2, 6 
1, 3 
1, 3 
3, 8 
1, 3 
1, 3 
1, 3 
1, 2 
1, 2 
1, 3 
8, 34 
1, 4 
1, 3 
3, 8 
3, 9 
3, 8 
3, 9 
3, 9 
1, 3 
1, 3 
1, 4 
1, 3 
3, 14 
3, 13 
1, 3 
2, 7 
1, 3 
6, 23 
1, 3 
1, 3 
1, 3 
1, 3 
1, 3 
1, 3 
4, 9 
4, 16 
1, 4 
2, 21 
1, 3 
3, 8 
3, 9 
2, 7 
3, 11 
3, 10 
3, 13 
1, 4 
2, 11 
1, 9 
1, 3 
1, 3 
1, 8 
1, 3 
1, 3 
1, 3 
1, 3 
1, 3 
1, 3 
1, 3 
1, 3 
1, 3 
1, 3 
4, 12 
10, 23 
17, 31 
1, 4 
7, 19 
6, 16 
3, 6 
1, 3 
2, 5 
2, 5 
1, 3 
1, 3 
1, 3 
1, 3 
1, 3 
1, 3 
1, 3 
1, 3 
1, 3 
1, 1 
1, 1 
1, 1 
1, 1 
1, 1 
1, 1 
1, 1 
1, 1 
1, 1 
1, 1 
1, 1 
1, 1 
9, 30 
13, 39 
4, 15 
6, 17 
1, 6 
25, 202 
1, 6 
1, 6 
1, 6 
3, 15 
1, 6 
3, 10 
5, 26 
10, 26 
1, 8 
8, 22 
5, 15 
1, 3 
1, 3 
1, 3 
1, 3 
1, 3 
1, 3 
1, 3 
1, 3 
1, 3 
1, 4 
1, 3 
1, 3 
3, 10 
3, 11 
1, 7 
26, 89 
4, 8 
8, 22 
4, 14 
6, 23 
1, 6 
1, 3 
1, 7 
1, 3 
1, 3 
1, 5 
1, 3 
2, 6 
1, 5 
2, 8 
1, 5 
1, 7 
1, 3 
1, 5 
1, 3 
1, 3 
1, 3 
1, 3 
1, 3 
1, 4 
1, 5 
1, 3 
1, 3 
2, 5 
1, 2 
1, 3 
1, 3 
1, 3 
1, 3 
1, 3 
1, 3 
2, 7 
1, 3 
1, 2 
1, 3 
8, 39 
1, 4 
2, 8 
1, 3 
6, 22 
4, 16 
4, 12 
6, 14 
4, 6 
1, 5 
1, 5 
1, 3 
1, 3 
1, 3 
1, 3 
1, 3 
1, 3 
1, 3 
1, 3 
6, 23 
1, 3 
2, 5 
3, 10 
1, 3 
1, 3 
3, 9 
6, 18 
1, 3 
1, 3 
1, 3 
1, 3 
1, 5 
1, 3 
1, 3 
1, 3 
1, 4 
1, 3 
1, 3 
1, 10 
1, 3 
11, 36 
2, 16 
8, 27 
1, 5 
1, 3 
1, 1 
1, 1 
1, 4 
2, 7 
4, 11 
8, 23 
1, 4 
4, 11 
1, 4 
1, 3 
1, 3 
1, 3 
1, 3 
2, 7 
3, 11 
2, 11 
1, 21 
1, 2 
1, 3 
1, 3 
1, 3 
1, 3 
1, 3 
1, 3 
1, 3 
1, 3 
1, 3 
1, 3 
1, 3 
1, 3 
5, 17 
2, 7 
2, 6 
2, 11 
1, 21 
1, 3 
2, 6 
2, 9 
1, 4 
3, 6 
3, 8 
2, 6 
2, 6 
2, 5 
2, 5 
2, 5 
2, 5 
1, 3 
1, 3 
1, 3 
1, 3 
1, 3 
1, 3 
1, 3 
1, 3 
3, 12 
4, 17 
1, 3 
1, 7 
3, 17 
1, 4 
1, 4 
13, 21 
8, 20 
1, 3 
1, 3 
1, 3 
1, 3 
1, 3 
1, 3 
4, 8 
1, 3 
1, 3 
1, 2 
1, 3 
1, 2 
1, 2 
1, 3 
1, 2 
1, 3 
1, 2 
1, 3 
1, 3 
1, 2 
1, 3 
1, 3 
1, 2 
1, 3 
1, 2 
1, 3 
1, 3 
1, 3 
1, 3 
1, 3 
1, 3 
1, 3 
1, 3 
1, 3 
1, 3 
1, 3 
1, 3 
1, 3 
1, 2 
1, 4 
6, 14 
4, 9 
1, 3 
1, 3 
1, 6 
1, 3 
6, 13 
1, 3 
8, 33 
2, 7 
4, 10 
1, 3 
2, 7 
2, 7 
1, 1 
1, 1 
1, 1 
1, 1 
1, 1 
1, 1 
1, 1 
1, 1 
1, 1 
1, 1 
1, 1 
1, 1 
1, 1 
1, 1 
1, 1 
1, 1 
1, 1 
1, 1 
1, 1 
1, 1 
1, 1 
1, 1 
1, 1 
1, 1 
1, 1 
1, 1 
1, 1 
1, 1 
4, 15 
4, 14 
1, 2 
3, 14 
1, 4 
1, 2 
1, 3 
1, 2 
1, 3 
1, 3 
1, 3 
1, 3 
1, 3 
1, 3 
1, 3 
1, 2 
1, 2 
1, 3 
1, 2 
1, 3 
1, 2 
1, 3 
1, 3 
1, 3 
36, 119 
1, 3 
1, 3 
1, 3 
1, 2 
1, 2 
1, 3 
1, 3 
1, 3 
1, 2 
1, 3 
1, 3 
1, 6 
3, 6 
3, 10 
3, 7 
2, 5 
1, 5 
3, 10 
2, 5 
2, 6 
4, 12 
1, 3 
1, 4 
1, 6 
1, 3 
1, 3 
2, 5 
2, 7 
2, 7 
1, 7 
1, 2 
1, 4 
1, 4 
1, 4 
4, 11 
1, 4 
16, 40 
1, 3 
2, 5 
1, 8 
1, 3 
1, 4 
1, 6 
1, 3 
1, 3 
1, 3 
1, 6 
2, 7 
2, 7 
1, 7 
1, 3 
1, 5 
1, 5 
1, 5 
1, 3 
1, 3 
1, 3 
3, 11 
1, 3 
4, 14 
5, 17 
1, 3 
1, 3 
1, 3 
5, 18 
3, 15 
1, 3 
1, 3 
1, 3 
1, 3 
11, 19 
8, 26 
1, 3 
1, 3 
1, 3 
4, 11 
2, 13 
1, 45 
1, 5 
1, 11 
1, 3 
1, 3 
1, 3 
1, 3 
10, 19 
3, 14 
1, 4 
1, 3 
1, 4 
1, 4 
1, 3 
1, 4 
1, 3 
1, 3 
1, 3 
2, 8 
1, 4 
1, 2 
2, 7 
1, 3 
1, 3 
3, 5 
1, 4 
1, 4 
1, 4 
1, 3 
1, 3 
1, 3 
1, 3 
1, 3 
1, 2 
1, 2 
1, 3 
15, 27 
1, 3 
1, 3 
1, 3 
1, 3 
1, 3 
1, 3 
1, 3 
1, 3 
1, 3 
1, 3 
1, 3 
1, 3 
1, 3 
1, 3 
1, 3 
1, 3 
1, 3 
1, 3 
1, 3 
1, 3 
1, 3 
1, 3 
1, 3 
1, 3 
1, 3 
1, 3 
1, 3 
1, 3 
1, 3 
1, 3 
1, 3 
1, 3 
1, 3 
1, 3 
1, 3 
1, 3 
1, 3 
1, 3 
14, 29 
6, 12 
2, 6 
1, 2 
1, 3 
1, 3 
9, 31 
1, 3 
1, 3 
1, 7 
1, 3 
1, 7 
8, 18 
29, 73 
1, 3 
1, 3 
1, 3 
1, 3 
1, 3 
1, 3 
1, 3 
1, 3 
2, 8 
1, 3 
3, 13 
3, 14 
4, 15 
4, 15 
1, 3 
1, 3 
1, 3 
1, 3 
1, 3 
1, 3 
1, 3 
1, 3 
1, 3 
1, 3 
1, 3 
1, 3 
3, 14 
1, 3 
1, 3 
1, 3 
3, 6 
2, 6 
1, 3 
7, 11 
1, 4 
1, 3 
1, 5 
1, 3 
1, 3 
1, 3 
1, 3 
1, 3 
1, 3 
4, 12 
1, 3 
8, 19 
1, 3 
1, 3 
1, 3 
1, 3 
1, 3 
1, 3 
1, 3 
1, 3 
1, 2 
1, 3 
1, 3 
1, 3 
1, 3 
1, 3 
1, 3 
1, 2 
1, 2 
1, 3 
1, 3 
1, 3 
1, 3 
1, 3 
2, 5 
2, 5 
1, 3 
1, 3 
1, 3 
1, 3 
1, 3 
1, 3 
1, 3 
1, 3 
1, 3 
1, 3 
1, 3 
1, 3 
1, 3 
1, 3 
1, 3 
1, 3 
1, 3 
1, 3 
1, 3 
1, 3 
1, 3 
1, 3 
1, 3 
1, 3 
1, 3 
1, 3 
1, 3 
1, 2 
1, 2 
1, 2 
1, 2 
1, 3 
1, 3 
1, 3 
1, 3 
1, 3 
1, 3 
1, 3 
1, 3 
1, 3 
1, 3 
1, 3 
1, 3 
1, 3 
1, 3 
1, 2 
1, 2 
1, 2 
1, 2 
1, 6 
3, 9 
2, 13 
3, 11 
8, 30 
37, 90 
1, 3 
7, 21 
1, 6 
3, 10 
1, 3 
3, 12 
3, 5 
1, 3 
1, 3 
1, 3 
1, 1 
1, 1 
1, 1 
1, 1 
1, 3 
1, 3 
1, 3 
1, 12 
1, 3 
1, 3 
3, 6 
1, 13 
1, 3 
1, 3 
1, 3 
3, 6 
2, 4 
2, 5 
3, 6 
5, 38 
3, 22 
24, 154 
8, 34 
11, 63 
3, 30 
4, 18 
7, 35 
6, 22 
1, 4 
1, 3 
1, 4 
1, 3 
1, 3 
2, 8 
4, 8 
1, 7 
1, 3 
2, 7 
1, 3 
3, 4 
4, 12 
2, 4 
10, 29 
1, 3 
5, 17 
2, 6 
1, 3 
1, 3 
1, 3 
1, 3 
1, 3 
1, 3 
1, 3 
2, 5 
1, 3 
1, 3 
1, 4 
1, 4 
1, 4 
1, 4 
1, 3 
1, 3 
1, 1 
1, 1 
1, 1 
1, 3 
2, 9 
1, 3 
1, 3 
1, 3 
1, 3 
2, 5 
5, 12 
1, 3 
1, 3 
1, 3 
1, 3 
1, 3 
1, 3 
1, 3 
1, 3 
1, 3 
16, 37 
1, 9 
6, 16 
6, 12 
7, 15 
5, 11 
2, 5 
3, 7 
4, 9 
3, 19 
1, 4 
11, 38 
1, 3 
1, 3 
1, 3 
1, 3 
1, 3 
1, 3 
2, 5 
1, 3 
1, 3 
1, 3 
7, 17 
1, 4 
15, 63 
1, 3 
1, 3 
1, 4 
1, 3 
14, 39 
1, 3 
1, 3 
1, 3 
1, 3 
3, 16 
3, 10 
7, 22 
9, 37 
4, 22 
1, 11 
1, 3 
1, 11 
3, 24 
1, 7 
1, 6 
3, 12 
4, 23 
8, 15 
4, 10 
5, 27 
4, 35 
2, 5 
1, 3 
4, 22 
21, 136 
1, 2 
7, 39 
22, 90 
3, 10 
7, 33 
7, 29 
4, 9 
3, 14 
3, 7 
11, 76 
2, 25 
1, 6 
15, 85 
4, 39 
14, 42 
2, 5 
2, 14 
29, 108 
5, 24 
15, 70 
4, 10 
5, 25 
5, 17 
1, 3 
1, 3 
1, 3 
2, 8 
1, 3 
1, 3 
1, 3 
1, 4 
1, 3 
1, 4 
1, 3 
1, 3 
1, 3 
1, 23 
1, 3 
2, 5 
7, 17 
5, 15 
2, 10 
1, 6 
4, 10 
1, 3 
1, 3 
9, 44 
3, 25 
4, 14 
1, 10 
6, 68 
9, 24 
1, 11 
9, 24 
1, 3 
1, 11 
3, 24 
3, 12 
4, 23 
8, 15 
5, 27 
7, 62 
2, 5 
21, 136 
25, 102 
7, 39 
4, 9 
3, 7 
11, 76 
2, 25 
1, 6 
15, 85 
14, 42 
14, 42 
15, 70 
21, 55 
4, 10 
1, 8 
1, 11 
6, 34 
8, 59 
1, 5 
1, 3 
1, 3 
1, 3 
1, 3 
1, 3 
6, 17 
2, 5 
1, 4 
1, 3 
1, 3 
1, 3 
1, 3 
1, 3 
1, 23 
2, 21 
2, 9 
3, 59 
1, 3 
2, 5 
3, 7 
1, 3 
1, 3 
1, 4 
17, 46 
1, 2 
2, 5 
1, 3 
1, 3 
1, 3 
1, 3 
1, 8 
6, 22 
4, 10 
24, 69 
16, 38 
3, 15 
1, 5 
1, 3 
1, 3 
4, 12 
5, 30 
6, 22 
24, 69 
16, 38 
1, 3 
4, 12 
5, 20 
3, 15 
8, 54 
1, 4 
1, 4 
4, 12 
5, 16 
2, 4 
6, 35 
1, 3 
1, 4 
1, 4 
1, 4 
1, 3 
9, 28 
9, 32 
1, 3 
1, 3 
1, 3 
1, 3 
4, 14 
1, 3 
1, 3 
7, 25 
15, 30 
1, 2 
1, 4 
1, 3 
1, 5 
2, 8 
2, 6 
1, 3 
1, 3 
1, 2 
1, 3 
1, 3 
1, 3 
1, 3 
1, 3 
1, 3 
1, 3 
1, 3 
1, 3 
1, 3 
1, 3 
1, 3 
1, 3 
1, 3 
1, 3 
1, 3 
1, 4 
1, 5 
19, 106 
4, 15 
1, 3 
1, 5 
2, 8 
2, 6 
1, 3 
1, 3 
1, 3 
1, 2 
1, 3 
1, 3 
1, 3 
1, 3 
1, 3 
1, 3 
1, 3 
1, 3 
1, 3 
1, 3 
1, 3 
1, 3 
1, 3 
1, 3 
1, 3 
1, 3 
1, 3 
1, 4 
1, 3 
1, 3 
21, 72 
8, 35 
5, 14 
1, 3 
7, 20 
1, 3 
1, 3 
8, 17 
1, 3 
2, 3 
4, 4 
4, 4 
2, 3 
2, 3 
5, 12 
15, 15 
11, 13 
1, 5 
2, 13 
1, 3 
2, 6 
1, 3 
1, 3 
1, 3 
1, 3 
1, 3 
1, 3 
1, 3 
3, 9 
3, 10 
9, 14 
1, 3 
3, 6 
7, 16 
1, 3 
1, 3 
1, 3 
1, 3 
1, 3 
1, 3 
1, 3 
1, 3 
1, 3 
1, 3 
1, 3 
1, 3 
1, 3 
1, 3 
1, 3 
1, 3 
1, 3 
1, 3 
1, 3 
1, 3 
1, 3 
1, 3 
1, 3 
1, 3 
1, 3 
1, 3 
1, 3 
1, 3 
1, 3 
1, 3 
1, 3 
3, 9 
2, 4 
1, 3 
1, 3 
1, 3 
1, 8 
1, 6 
1, 7 
18, 39 
11, 34 
13, 14 
13, 30 
6, 18 
1, 3 
17, 58 
3, 35 
2, 7 
7, 18 
1, 3 
16, 43 
2, 6 
3, 14 
3, 9 
3, 7 
3, 7 
1, 16 
8, 21 
1, 4 
8, 16 
3, 9 
3, 10 
5, 16 
1, 3 
1, 3 
1, 3 
1, 2 
1, 3 
1, 2 
1, 3 
1, 3 
1, 4 
2, 7 
4, 12 
1, 3 
1, 3 
1, 3 
1, 3 
1, 5 
1, 3 
2, 4 
2, 4 
2, 4 
2, 4 
2, 4 
2, 4 
2, 4 
2, 4 
2, 4 
1, 3 
1, 3 
1, 3 
8, 24 
1, 3 
1, 3 
5, 14 
1, 3 
1, 3 
10, 26 
7, 8 
12, 37 
1, 2 
1, 3 
1, 3 
1, 3 
2, 3 
1, 3 
1, 3 
1, 3 
1, 3 
3, 8 
1, 3 
1, 3 
1, 3 
1, 3 
3, 8 
2, 6 
7, 24 
2, 6 
7, 24 
1, 3 
1, 4 
3, 8 
5, 23 
1, 4 
1, 3 
1, 4 
14, 37 
3, 8 
21, 52 
2, 4 
6, 15 
7, 22 
2, 5 
4, 15 
6, 19 
1, 3 
1, 3 
1, 3 
1, 3 
1, 3 
1, 3 
1, 3 
1, 3 
1, 3 
1, 3 
1, 3 
1, 3 
1, 3 
1, 3 
1, 3 
1, 3 
1, 3 
1, 6 
3, 9 
1, 2 
1, 4 
1, 8 
2, 7 
1, 11 
1, 4 
1, 4 
1, 2 
6, 14 
2, 5 
1, 3 
1, 3 
1, 3 
3, 16 
1, 2 
1, 6 
1, 3 
1, 5 
1, 2 
4, 11 
1, 5 
4, 9 
6, 16 
1, 3 
33, 70 
29, 62 
15, 34 
9, 22 
5, 14 
5, 14 
5, 14 
6, 16 
4, 9 
2, 5 
1, 4 
1, 6 
2, 6 
1, 4 
3, 5 
1, 20 
19, 63 
2, 6 
2, 5 
1, 4 
2, 5 
2, 6 
1, 3 
1, 3 
1, 3 
1, 3 
3, 27 
4, 36 
3, 9 
1, 3 
1, 3 
1, 3 
1, 3 
1, 3 
1, 3 
1, 3 
1, 3 
1, 3 
1, 3 
1, 3 
1, 3 
1, 3 
1, 3 
1, 3 
1, 3 
2, 5 
7, 17 
2, 6 
8, 20 
1, 4 
1, 3 
1, 3 
3, 7 
1, 4 
1, 3 
1, 3 
3, 7 
1, 2 
1, 2 
1, 3 
1, 3 
1, 3 
1, 3 
1, 3 
1, 3 
1, 3 
15, 44 
4, 12 
5, 16 
7, 16 
4, 8 
1, 5 
1, 4 
1, 3 
1, 3 
1, 3 
1, 3 
1, 3 
1, 3 
1, 3 
1, 3 
1, 3 
1, 3 
1, 3 
1, 3 
1, 3 
1, 3 
2, 5 
1, 3 
1, 3 
3, 8 
1, 3 
2, 6 
2, 6 
2, 6 
2, 7 
1, 3 
2, 6 
2, 6 
2, 6 
1, 2 
1, 3 
8, 28 
3, 8 
1, 4 
8, 24 
1, 9 
1, 7 
1, 4 
6, 15 
4, 10 
2, 5 
1, 3 
1, 3 
1, 3 
1, 3 
1, 3 
1, 3 
1, 3 
1, 3 
1, 3 
1, 3 
1, 3 
1, 3 
1, 3 
1, 3 
2, 3 
1, 3 
1, 3 
1, 3 
1, 3 
4, 16 
3, 5 
8, 18 
6, 23 
3, 7 
27, 50 
4, 7 
2, 7 
5, 14 
1, 8 
1, 3 
1, 3 
1, 3 
1, 3 
1, 3 
1, 3 
1, 3 
1, 3 
1, 3 
2, 5 
1, 3 
2, 7 
1, 3 
1, 3 
3, 6 
1, 3 
1, 4 
2, 5 
3, 6 
1, 3 
1, 3 
1, 3 
2, 8 
7, 9 
1, 5 
1, 5 
1, 3 
1, 3 
1, 3 
1, 3 
1, 3 
1, 3 
1, 3 
1, 5 
1, 4 
1, 4 
1, 4 
2, 6 
1, 5 
1, 3 
4, 13 
7, 21 
3, 7 
5, 15 
9, 44 
7, 19 
11, 30 
17, 43 
2, 4 
1, 3 
1, 3 
1, 3 
1, 3 
3, 8 
4, 7 
5, 14 
4, 7 
5, 14 
1, 2 
20, 51 
1, 3 
1, 5 
1, 3 
1, 3 
1, 4 
1, 2 
1, 2 
1, 5 
2, 4 
4, 14 
2, 12 
23, 42 
27, 63 
16, 40 
24, 65 
26, 50 
1, 3 
7, 27 
1, 2 
1, 2 
1, 2 
1, 2 
1, 2 
1, 2 
1, 2 
1, 2 
1, 2 
1, 2 
1, 2 
3, 5 
1, 2 
1, 2 
1, 2 
1, 2 
2, 8 
1, 2 
1, 2 
1, 2 
1, 4 
25, 80 
2, 6 
1, 4 
2, 6 
1, 4 
4, 10 
2, 7 
3, 11 
1, 2 
1, 2 
1, 2 
1, 2 
1, 2 
1, 2 
1, 2 
1, 2 
1, 4 
1, 3 
1, 3 
1, 3 
1, 3 
1, 3 
1, 3 
1, 2 
1, 2 
4, 10 
5, 6 
3, 9 
6, 24 
5, 10 
4, 16 
7, 20 
4, 14 
1, 3 
1, 3 
1, 3 
1, 3 
1, 3 
1, 3 
1, 3 
6, 36 
7, 14 
6, 18 
1, 3 
20, 51 
1, 3 
1, 3 
10, 32 
1, 3 
1, 2 
1, 2 
1, 5 
1, 3 
2, 6 
2, 12 
23, 42 
1, 5 
26, 50 
1, 3 
1, 3 
1, 2 
1, 2 
1, 2 
1, 2 
1, 2 
1, 2 
1, 2 
1, 2 
1, 2 
3, 5 
1, 2 
2, 4 
1, 2 
2, 8 
1, 2 
1, 1 
1, 1 
1, 3 
1, 4 
25, 80 
1, 4 
4, 21 
1, 4 
1, 3 
2, 5 
1, 3 
1, 5 
1, 3 
1, 3 
2, 15 
1, 3 
1, 3 
3, 18 
3, 10 
1, 3 
1, 3 
3, 9 
2, 5 
1, 3 
1, 4 
1, 2 
1, 10 
1, 4 
1, 3 
3, 11 
1, 3 
1, 3 
8, 22 
4, 10 
4, 14 
4, 15 
4, 13 
5, 19 
1, 3 
2, 5 
2, 3 
3, 6 
1, 3 
1, 3 
3, 12 
1, 5 
1, 5 
4, 10 
3, 5 
1, 7 
1, 3 
1, 5 
1, 7 
1, 3 
1, 5 
1, 2 
1, 5 
1, 3 
6, 33 
1, 3 
1, 3 
2, 6 
3, 9 
3, 9 
3, 8 
3, 8 
3, 8 
5, 24 
2, 7 
1, 3 
3, 9 
1, 3 
1, 4 
1, 5 
1, 3 
2, 7 
3, 9 
2, 6 
1, 5 
19, 39 
5, 10 
5, 10 
6, 21 
1, 2 
2, 4 
4, 8 
1, 3 
1, 4 
2, 4 
1, 3 
1, 3 
1, 4 
12, 19 
1, 4 
6, 13 
1, 3 
2, 8 
2, 9 
8, 20 
2, 12 
7, 30 
7, 17 
12, 33 
1, 3 
6, 16 
1, 3 
1, 3 
1, 3 
1, 3 
12, 19 
1, 4 
3, 10 
1, 3 
2, 8 
1, 3 
1, 3 
1, 3 
1, 3 
1, 5 
1, 5 
1, 2 
1, 4 
5, 21 
1, 3 
1, 4 
1, 9 
1, 3 
2, 4 
2, 4 
1, 3 
2, 30 
2, 19 
1, 3 
15, 17 
1, 3 
1, 3 
14, 42 
1, 8 
1, 4 
5, 14 
2, 5 
1, 9 
1, 2 
1, 9 
2, 7 
3, 18 
2, 6 
2, 3 
2, 3 
1, 3 
1, 2 
4, 14 
1, 3 
6, 11 
5, 12 
2, 5 
2, 4 
6, 13 
3, 5 
2, 4 
1, 4 
1, 9 
1, 3 
2, 4 
2, 4 
2, 4 
1, 3 
2, 30 
2, 19 
3, 5 
1, 9 
1, 3 
1, 3 
1, 12 
1, 10 
2, 6 
2, 6 
1, 3 
1, 3 
2, 5 
1, 4 
1, 5 
1, 3 
4, 7 
1, 3 
10, 36 
1, 10 
1, 3 
1, 3 
1, 3 
1, 3 
1, 3 
2, 5 
1, 4 
1, 3 
1, 3 
1, 3 
1, 3 
1, 3 
1, 3 
1, 3 
1, 3 
1, 3 
2, 6 
1, 4 
1, 3 
1, 3 
1, 3 
1, 3 
1, 4 
1, 3 
1, 4 
1, 3 
3, 11 
1, 3 
1, 3 
1, 4 
1, 4 
1, 3 
1, 3 
1, 4 
1, 3 
1, 3 
1, 3 
1, 3 
1, 3 
1, 4 
4, 12 
4, 6 
1, 4 
1, 4 
1, 3 
1, 3 
1, 4 
1, 3 
1, 3 
1, 4 
1, 3 
1, 4 
1, 3 
1, 3 
1, 3 
1, 4 
1, 4 
1, 3 
1, 3 
1, 4 
1, 3 
1, 3 
1, 4 
1, 3 
1, 3 
1, 3 
1, 4 
1, 3 
1, 3 
1, 3 
1, 4 
1, 4 
1, 3 
1, 3 
1, 3 
1, 3 
1, 3 
1, 3 
1, 3 
1, 4 
1, 3 
1, 3 
1, 3 
1, 3 
1, 4 
1, 22 
1, 16 
1, 3 
1, 3 
1, 3 
1, 3 
1, 3 
1, 3 
1, 3 
1, 3 
1, 3 
1, 3 
1, 3 
1, 3 
1, 3 
1, 3 
1, 3 
1, 3 
1, 3 
1, 3 
1, 3 
1, 3 
1, 3 
4, 12 
4, 14 
4, 10 
1, 3 
1, 3 
1, 3 
1, 3 
1, 3 
1, 3 
4, 10 
5, 15 
1, 5 
1, 3 
1, 3 
1, 3 
1, 3 
1, 3 
4, 14 
1, 3 
1, 3 
1, 3 
1, 3 
1, 3 
1, 3 
2, 5 
1, 3 
1, 3 
1, 3 
1, 5 
1, 3 
1, 3 
1, 3 
1, 3 
3, 6 
3, 6 
3, 8 
1, 11 
1, 3 
1, 3 
6, 15 
1, 3 
1, 3 
1, 3 
2, 3 
1, 3 
1, 3 
1, 5 
1, 4 
1, 3 
2, 6 
1, 3 
1, 3 
1, 3 
1, 4 
1, 3 
1, 4 
1, 3 
1, 3 
1, 3 
1, 3 
1, 3 
1, 3 
1, 3 
1, 4 
1, 4 
1, 4 
1, 4 
1, 4 
1, 4 
1, 4 
1, 4 
1, 4 
1, 4 
1, 4 
1, 4 
1, 4 
1, 3 
1, 3 
1, 3 
1, 3 
1, 5 
1, 8 
1, 10 
1, 8 
1, 3 
1, 3 
1, 3 
1, 3 
3, 9 
4, 17 
6, 16 
1, 3 
1, 3 
1, 3 
1, 3 
1, 3 
1, 3 
1, 3 
2, 6 
1, 3 
1, 3 
3, 9 
3, 10 
1, 3 
1, 3 
1, 3 
1, 3 
1, 3 
1, 3 
1, 3 
1, 3 
1, 3 
1, 4 
1, 3 
1, 5 
3, 11 
1, 3 
1, 4 
1, 3 
1, 4 
1, 3 
1, 3 
1, 3 
3, 11 
1, 3 
1, 4 
1, 4 
1, 3 
1, 4 
1, 3 
1, 4 
1, 3 
1, 4 
1, 3 
1, 3 
1, 3 
1, 3 
1, 4 
4, 12 
4, 6 
1, 4 
1, 3 
1, 4 
1, 3 
1, 3 
1, 4 
1, 3 
1, 4 
1, 3 
1, 3 
1, 3 
1, 3 
1, 4 
1, 3 
1, 3 
1, 3 
1, 4 
1, 3 
1, 3 
1, 4 
1, 3 
1, 3 
1, 3 
1, 3 
1, 4 
1, 3 
1, 3 
1, 3 
1, 3 
1, 3 
1, 4 
1, 3 
1, 3 
1, 3 
1, 4 
1, 3 
1, 3 
1, 4 
1, 3 
1, 3 
1, 4 
1, 3 
1, 3 
1, 3 
1, 3 
1, 3 
1, 3 
1, 3 
1, 3 
1, 3 
1, 4 
1, 22 
1, 4 
1, 3 
1, 3 
1, 3 
1, 3 
2, 6 
1, 3 
1, 3 
1, 3 
1, 3 
1, 3 
1, 3 
1, 3 
1, 3 
1, 3 
1, 3 
1, 3 
1, 3 
4, 14 
1, 3 
1, 3 
1, 3 
1, 3 
1, 3 
1, 3 
1, 3 
5, 15 
1, 5 
1, 3 
1, 3 
1, 3 
1, 3 
1, 3 
1, 3 
1, 3 
1, 3 
1, 3 
1, 3 
3, 17 
1, 3 
1, 3 
1, 3 
1, 3 
3, 6 
1, 3 
3, 6 
3, 8 
1, 3 
2, 4 
1, 3 
1, 3 
6, 12 
6, 15 
1, 3 
1, 3 
2, 3 
1, 3 
1, 5 
1, 4 
1, 3 
2, 6 
1, 3 
1, 3 
1, 2 
1, 4 
1, 3 
1, 3 
1, 4 
1, 3 
1, 3 
1, 3 
1, 3 
1, 3 
1, 3 
1, 4 
1, 4 
1, 4 
1, 4 
1, 4 
1, 4 
1, 4 
1, 3 
2, 7 
1, 3 
9, 17 
1, 3 
1, 4 
2, 8 
10, 31 
1, 1 
1, 1 
1, 1 
1, 1 
1, 1 
1, 1 
5, 48 
1, 3 
1, 3 
1, 3 
1, 3 
1, 3 
1, 3 
1, 3 
1, 3 
1, 3 
16, 52 
5, 17 
4, 12 
2, 8 
1, 3 
1, 3 
1, 3 
1, 3 
3, 7 
1, 2 
4, 8 
1, 22 
1, 2 
1, 8 
1, 2 
1, 2 
1, 2 
1, 2 
1, 2 
1, 2 
1, 2 
1, 2 
1, 2 
1, 2 
1, 2 
1, 2 
1, 2 
1, 2 
1, 2 
1, 2 
1, 2 
1, 2 
1, 2 
1, 2 
1, 2 
1, 2 
1, 2 
1, 3 
1, 3 
1, 3 
3, 7 
1, 2 
4, 8 
1, 22 
1, 1 
1, 1 
1, 1 
1, 1 
1, 1 
1, 1 
1, 1 
1, 1 
1, 3 
1, 3 
1, 3 
1, 3 
1, 4 
3, 10 
3, 17 
3, 13 
3, 12 
5, 15 
5, 23 
1, 3 
4, 12 
1, 3 
4, 15 
1, 3 
1, 3 
1, 3 
1, 3 
1, 3 
1, 3 
1, 3 
1, 3 
1, 4 
1, 5 
1, 3 
1, 3 
2, 6 
1, 3 
1, 3 
1, 4 
1, 3 
1, 3 
3, 15 
1, 1 
1, 1 
1, 1 
1, 1 
1, 1 
1, 1 
1, 1 
1, 1 
1, 1 
1, 1 
1, 1 
1, 1 
1, 3 
1, 3 
2, 7 
2, 6 
1, 4 
1, 4 
3, 6 
1, 3 
2, 6 
13, 65 
5, 14 
1, 3 
3, 14 
1, 3 
1, 4 
1, 4 
1, 4 
1, 4 
1, 4 
1, 5 
3, 7 
3, 6 
1, 3 
2, 4 
2, 6 
13, 65 
1, 3 
3, 14 
1, 3 
1, 6 
1, 6 
1, 6 
13, 153 
1, 5 
1, 3 
1, 5 
3, 5 
1, 2 
13, 39 
1, 3 
1, 3 
1, 3 
3, 12 
7, 36 
6, 23 
2, 6 
1, 3 
4, 8 
2, 7 
3, 7 
6, 16 
13, 32 
5, 14 
9, 24 
4, 12 
4, 18 
2, 10 
5, 23 
4, 16 
9, 31 
3, 5 
1, 3 
2, 12 
1, 2 
1, 15 
8, 16 
4, 11 
5, 18 
8, 33 
6, 13 
1, 4 
2, 5 
2, 5 
1, 4 
1, 4 
1, 4 
1, 4 
1, 4 
1, 4 
8, 32 
1, 3 
1, 3 
1, 3 
1, 3 
1, 3 
1, 3 
1, 4 
1, 3 
2, 4 
1, 3 
1, 3 
1, 3 
1, 3 
1, 3 
1, 3 
1, 3 
1, 3 
1, 3 
1, 3 
1, 3 
1, 3 
1, 3 
1, 3 
12, 36 
3, 23 
10, 31 
5, 14 
1, 3 
1, 3 
1, 3 
1, 3 
1, 3 
2, 8 
2, 8 
1, 3 
1, 3 
3, 12 
1, 4 
1, 3 
1, 3 
1, 2 
1, 3 
1, 3 
1, 3 
3, 13 
13, 35 
12, 38 
1, 3 
1, 3 
1, 3 
12, 20 
1, 5 
1, 3 
1, 3 
1, 3 
1, 3 
1, 3 
1, 3 
1, 3 
1, 3 
1, 3 
1, 3 
1, 3 
1, 3 
1, 3 
1, 3 
1, 3 
1, 3 
1, 3 
1, 3 
1, 3 
1, 3 
1, 3 
1, 3 
4, 15 
5, 20 
8, 33 
8, 32 
7, 22 
1, 2 
2, 14 
2, 7 
1, 4 
11, 246 
1, 4 
3, 10 
1, 3 
1, 3 
1, 3 
1, 3 
1, 4 
6, 14 
2, 6 
1, 3 
2, 6 
1, 6 
1, 3 
1, 3 
2, 6 
1, 3 
1, 3 
1, 3 
1, 3 
1, 3 
1, 3 
1, 3 
1, 6 
6, 14 
1, 3 
2, 6 
1, 3 
2, 6 
3, 7 
8, 17 
1, 3 
1, 3 
1, 4 
1, 3 
6, 12 
1, 3 
9, 27 
5, 30 
3, 7 
3, 7 
3, 7 
1, 3 
1, 3 
2, 12 
1, 4 
1, 4 
1, 3 
2, 4 
5, 9 
3, 11 
3, 6 
1, 3 
3, 8 
8, 25 
1, 3 
1, 3 
1, 3 
1, 3 
1, 3 
1, 3 
1, 3 
5, 19 
4, 21 
1, 4 
1, 3 
1, 4 
2, 5 
9, 23 
1, 3 
1, 4 
5, 10 
1, 5 
2, 7 
1, 5 
1, 88 
1, 3 
1, 3 
13, 40 
1, 3 
1, 4 
1, 3 
1, 3 
1, 3 
1, 3 
1, 15 
2, 9 
1, 8 
2, 12 
13, 22 
1, 3 
1, 3 
26, 54 
16, 40 
2, 7 
2, 7 
2, 7 
1, 3 
3, 16 
7, 16 
1, 8 
1, 3 
1, 3 
3, 14 
2, 15 
2, 11 
2, 11 
1, 8 
1, 8 
1, 8 
1, 4 
1, 16 
2, 14 
3, 12 
2, 10 
5, 17 
4, 34 
2, 9 
1, 5 
1, 5 
2, 7 
3, 9 
1, 3 
1, 2 
1, 4 
1, 9 
1, 6 
1, 2 
1, 5 
1, 10 
1, 8 
1, 9 
1, 2 
1, 4 
1, 3 
1, 3 
1, 3 
1, 3 
2, 7 
1, 3 
1, 3 
3, 10 
1, 3 
1, 5 
2, 4 
2, 5 
2, 6 
5, 10 
2, 7 
1, 3 
1, 2 
1, 3 
1, 3 
1, 3 
13, 39 
1, 4 
2, 7 
2, 8 
1, 3 
2, 5 
1, 3 
1, 3 
1, 2 
1, 2 
1, 7 
9, 33 
1, 2 
1, 3 
1, 2 
1, 2 
1, 2 
1, 2 
1, 3 
1, 2 
2, 7 
1, 2 
1, 4 
1, 3 
1, 2 
2, 5 
1, 2 
1, 3 
1, 2 
1, 3 
1, 2 
1, 3 
2, 6 
1, 3 
1, 2 
1, 2 
1, 3 
1, 3 
1, 3 
1, 3 
1, 2 
1, 3 
1, 2 
1, 2 
1, 3 
1, 2 
1, 3 
2, 7 
2, 7 
1, 3 
2, 9 
1, 3 
1, 3 
1, 3 
1, 2 
1, 2 
1, 8 
63, 413 
3, 11 
2, 4 
8, 20 
45, 124 
119, 333 
13, 23 
17, 29 
26, 62 
2, 9 
2, 6 
1, 3 
1, 3 
1, 3 
1, 3 
1, 4 
1, 4 
1, 3 
1, 3 
1, 3 
1, 3 
1, 3 
1, 3 
1, 4 
1, 3 
1, 3 
1, 3 
1, 4 
8, 23 
1, 3 
1, 3 
1, 3 
3, 7 
1, 4 
1, 3 
1, 4 
1, 3 
1, 3 
1, 3 
1, 3 
1, 4 
1, 5 
1, 3 
1, 3 
2, 6 
1, 5 
1, 5 
2, 7 
2, 7 
3, 14 
4, 16 
2, 10 
1, 8 
1, 3 
1, 3 
1, 2 
6, 26 
8, 26 
5, 15 
1, 4 
2, 6 
2, 9 
7, 29 
2, 6 
2, 9 
2, 11 
5, 17 
1, 2 
9, 40 
1, 3 
1, 3 
13, 41 
1, 4 
1, 3 
3, 6 
1, 3 
1, 5 
1, 3 
12, 65 
1, 3 
1, 3 
1, 3 
1, 3 
1, 3 
1, 3 
1, 3 
1, 3 
1, 3 
1, 3 
2, 5 
1, 3 
1, 3 
1, 3 
1, 3 
4, 7 
1, 3 
1, 3 
1, 3 
1, 3 
1, 3 
1, 3 
1, 3 
1, 3 
1, 3 
1, 3 
10, 33 
2, 8 
1, 3 
1, 3 
3, 9 
3, 11 
2, 5 
2, 5 
1, 3 
3, 10 
4, 11 
2, 7 
3, 10 
2, 7 
2, 7 
7, 25 
1, 3 
1, 3 
1, 3 
1, 3 
9, 28 
8, 27 
1, 3 
1, 3 
2, 5 
2, 7 
2, 7 
2, 5 
1, 3 
2, 5 
4, 12 
1, 3 
1, 4 
1, 2 
1, 3 
1, 2 
1, 3 
2, 6 
1, 3 
1, 3 
1, 3 
1, 3 
7, 14 
1, 3 
1, 3 
2, 5 
1, 3 
3, 9 
1, 3 
1, 3 
1, 3 
2, 6 
1, 3 
1, 3 
2, 5 
1, 3 
6, 17 
1, 3 
1, 3 
2, 6 
2, 6 
2, 5 
2, 5 
1, 3 
1, 3 
2, 5 
1, 3 
1, 3 
2, 5 
1, 3 
1, 3 
1, 3 
1, 3 
3, 5 
1, 3 
1, 3 
3, 10 
5, 9 
1, 3 
5, 11 
27, 93 
21, 48 
6, 29 
25, 82 
3, 10 
7, 22 
20, 72 
1, 1 
1, 4 
1, 3 
1, 3 
1, 3 
1, 5 
2, 5 
1, 2 
1, 4 
1, 3 
1, 3 
1, 3 
1, 3 
2, 5 
2, 6 
1, 3 
1, 3 
1, 3 
3, 4 
1, 3 
1, 3 
1, 3 
1, 3 
1, 3 
1, 3 
1, 3 
1, 3 
1, 3 
1, 3 
1, 3 
1, 3 
1, 3 
1, 3 
1, 3 
1, 3 
1, 3 
1, 3 
1, 3 
1, 3 
1, 3 
3, 5 
3, 9 
3, 7 
2, 3 
2, 5 
2, 3 
1, 3 
1, 3 
1, 3 
3, 8 
1, 3 
3, 8 
1, 3 
1, 3 
1, 3 
1, 3 
3, 8 
1, 3 
1, 3 
4, 11 
4, 11 
4, 11 
1, 3 
1, 3 
1, 3 
1, 3 
1, 3 
1, 3 
1, 3 
1, 3 
1, 3 
1, 3 
2, 4 
1, 2 
1, 3 
1, 4 
1, 3 
1, 4 
1, 8 
1, 4 
1, 3 
2, 9 
7, 18 
7, 16 
1, 3 
1, 3 
5, 15 
1, 11 
1, 3 
1, 3 
1, 3 
7, 14 
6, 12 
2, 5 
6, 15 
2, 6 
1, 8 
1, 6 
5, 16 
5, 14 
1, 6 
1, 3 
1, 3 
1, 3 
1, 2 
1, 3 
1, 3 
1, 3 
1, 3 
1, 3 
1, 3 
1, 3 
1, 3 
1, 3 
1, 3 
1, 3 
1, 5 
1, 5 
1, 3 
1, 3 
1, 3 
7, 24 
11, 39 
1, 10 
1, 8 
2, 13 
1, 5 
5, 20 
1, 10 
1, 8 
5, 16 
1, 3 
1, 6 
1, 3 
1, 3 
1, 3 
1, 2 
1, 3 
1, 3 
1, 3 
1, 3 
1, 3 
1, 3 
1, 3 
1, 3 
1, 3 
1, 3 
1, 5 
1, 5 
1, 3 
1, 3 
1, 3 
1, 3 
1, 3 
7, 24 
1, 10 
4, 14 
1, 8 
1, 3 
1, 3 
1, 4 
2, 6 
2, 6 
1, 3 
1, 3 
1, 3 
1, 3 
1, 3 
1, 3 
1, 3 
2, 6 
2, 6 
2, 6 
1, 3 
1, 3 
1, 3 
1, 3 
1, 3 
1, 3 
1, 3 
1, 3 
4, 10 
4, 11 
1, 7 
1, 3 
1, 3 
1, 3 
1, 3 
1, 3 
1, 3 
1, 3 
1, 3 
1, 5 
1, 3 
1, 3 
1, 3 
1, 3 
1, 3 
1, 3 
1, 3 
1, 3 
1, 3 
1, 3 
1, 3 
1, 3 
1, 4 
1, 11 
1, 4 
1, 4 
2, 5 
1, 4 
2, 6 
6, 15 
3, 9 
1, 8 
1, 3 
1, 4 
5, 10 
7, 13 
1, 3 
1, 3 
1, 4 
1, 4 
1, 3 
1, 4 
1, 3 
1, 3 
1, 3 
1, 3 
1, 3 
1, 3 
1, 4 
1, 2 
1, 3 
2, 9 
2, 9 
1, 3 
1, 4 
1, 3 
2, 9 
5, 16 
7, 18 
4, 13 
2, 5 
6, 15 
7, 20 
12, 26 
12, 31 
1, 4 
1, 3 
4, 18 
12, 49 
4, 21 
5, 15 
1, 3 
1, 4 
1, 4 
1, 3 
1, 3 
2, 5 
1, 5 
1, 3 
5, 18 
1, 2 
1, 22 
1, 3 
1, 3 
1, 3 
1, 3 
1, 3 
1, 3 
1, 3 
1, 3 
4, 17 
5, 22 
2, 5 
1, 4 
1, 3 
4, 7 
1, 3 
1, 3 
1, 2 
1, 3 
1, 5 
3, 8 
3, 9 
3, 6 
4, 8 
2, 9 
2, 7 
1, 3 
1, 3 
1, 3 
3, 7 
2, 6 
1, 4 
2, 5 
1, 6 
15, 38 
3, 7 
1, 2 
1, 5 
3, 8 
4, 9 
4, 8 
1, 3 
1, 3 
1, 3 
2, 4 
5, 7 
1, 3 
1, 3 
1, 3 
5, 7 
1, 8 
5, 18 
8, 23 
3, 9 
1, 3 
1, 3 
1, 3 
1, 4 
1, 8 
1, 10 
11, 31 
15, 42 
39, 33 
3, 9 
9, 19 
26, 65 
30, 93 
9, 24 
7, 17 
6, 23 
1, 8 
5, 18 
8, 23 
6, 18 
3, 9 
1, 3 
1, 3 
1, 3 
33, 92 
15, 45 
1, 3 
1, 2 
1, 3 
1, 3 
1, 3 
1, 2 
1, 6 
1, 3 
1, 4 
1, 3 
1, 3 
1, 3 
1, 3 
1, 4 
1, 3 
1, 3 
2, 8 
1, 3 
1, 3 
1, 3 
1, 3 
1, 3 
1, 3 
1, 3 
1, 3 
2, 4 
2, 4 
3, 6 
3, 6 
2, 5 
1, 3 
1, 1 
1, 1 
1, 1 
1, 1 
1, 2 
1, 3 
1, 3 
1, 3 
1, 3 
1, 5 
1, 3 
1, 3 
1, 7 
1, 3 
2, 7 
1, 3 
1, 3 
1, 3 
1, 3 
1, 3 
1, 3 
1, 3 
2, 5 
1, 3 
1, 3 
1, 3 
2, 13 
9, 12 
1, 3 
2, 4 
1, 2 
4, 15 
7, 13 
5, 13 
4, 14 
1, 2 
1, 3 
3, 9 
3, 9 
1, 5 
9, 24 
1, 3 
1, 2 
1, 3 
1, 3 
1, 3 
1, 3 
1, 3 
2, 6 
2, 6 
2, 6 
1, 4 
1, 3 
2, 6 
2, 3 
6, 14 
1, 2 
1, 4 
1, 3 
1, 3 
1, 3 
1, 3 
2, 6 
2, 3 
1, 3 
6, 14 
1, 3 
2, 7 
1, 3 
1, 5 
1, 35 
2, 9 
1, 4 
1, 3 
2, 7 
1, 3 
1, 3 
1, 3 
36, 136 
5, 24 
5, 15 
14, 51 
8, 33 
1, 3 
1, 3 
1, 3 
3, 13 
