1, 8 
1, 2 
1, 2 
1, 2 
2, 10 
4, 10 
1, 3 
6, 12 
1, 2 
1, 2 
1, 2 
2, 7 
1, 2 
1, 2 
1, 1 
1, 2 
3, 7 
1, 2 
1, 2 
1, 2 
1, 2 
1, 2 
1, 2 
1, 8 
2, 5 
2, 6 
4, 14 
3, 10 
3, 14 
9, 25 
5, 22 
4, 8 
1, 4 
1, 2 
1, 2 
1, 2 
3, 7 
2, 4 
1, 1 
1, 1 
8, 18 
6, 19 
2, 7 
6, 41 
2, 4 
8, 40 
1, 2 
1, 2 
1, 2 
1, 2 
1, 2 
1, 6 
1, 2 
1, 2 
1, 2 
1, 2 
1, 2 
3, 7 
1, 5 
3, 6 
4, 6 
1, 2 
6, 13 
1, 2 
1, 5 
6, 24 
6, 25 
6, 24 
6, 25 
6, 25 
6, 23 
4, 4 
1, 2 
6, 17 
1, 3 
1, 2 
1, 1 
2, 25 
1, 13 
1, 5 
1, 3 
5, 57 
1, 2 
1, 2 
1, 4 
2, 7 
1, 3 
2, 5 
1, 4 
1, 4 
2, 7 
1, 2 
1, 3 
1, 2 
1, 4 
1, 2 
1, 2 
1, 1 
2, 4 
3, 9 
1, 3 
1, 3 
1, 5 
1, 2 
3, 5 
1, 2 
1, 2 
8, 11 
1, 2 
4, 13 
1, 3 
1, 3 
6, 15 
1, 5 
2, 4 
1, 2 
3, 5 
1, 2 
1, 2 
1, 5 
1, 2 
8, 11 
11, 39 
6, 28 
5, 14 
22, 67 
11, 39 
1, 17 
3, 7 
1, 1 
2, 4 
2, 10 
2, 11 
1, 4 
1, 2 
1, 2 
1, 2 
1, 2 
1, 3 
1, 3 
1, 1 
3, 8 
1, 1 
2, 8 
3, 6 
1, 2 
14, 67 
3, 9 
2, 6 
2, 6 
2, 6 
2, 6 
2, 7 
2, 7 
1, 2 
1, 2 
1, 2 
3, 7 
2, 4 
3, 10 
5, 34 
6, 19 
3, 15 
1, 2 
4, 16 
1, 2 
2, 7 
4, 10 
2, 5 
4, 13 
4, 15 
13, 27 
5, 15 
7, 18 
4, 6 
14, 37 
63, 308 
5, 11 
5, 11 
1, 2 
1, 3 
2, 3 
2, 12 
1, 2 
1, 3 
1, 6 
11, 73 
9, 45 
7, 32 
2, 5 
9, 25 
7, 23 
7, 23 
2, 13 
2, 13 
5, 26 
7, 29 
7, 32 
7, 29 
7, 28 
7, 28 
2, 6 
1, 9 
1, 3 
2, 23 
2, 4 
5, 13 
10, 26 
11, 30 
1, 2 
1, 2 
4, 10 
1, 1 
1, 2 
1, 2 
1, 3 
2, 5 
2, 6 
1, 4 
3, 14 
3, 7 
1, 3 
20, 73 
9, 45 
1, 14 
3, 11 
18, 173 
1, 6 
1, 1 
3, 4 
61, 180 
2, 4 
1, 6 
1, 1 
1, 1 
1, 1 
1, 1 
1, 1 
6, 20 
1, 4 
1, 3 
2, 4 
1, 3 
2, 5 
3, 14 
8, 30 
12, 38 
2, 55 
2, 5 
1, 2 
4, 11 
3, 6 
1, 2 
3, 33 
2, 5 
10, 15 
2, 8 
8, 33 
3, 7 
3, 26 
1, 3 
8, 22 
1, 3 
1, 4 
1, 2 
5, 10 
3, 7 
13, 23 
15, 38 
1, 2 
1, 2 
3, 4 
2, 2 
1, 2 
1, 11 
1, 3 
3, 87 
5, 19 
3, 6 
1, 38 
2, 4 
3, 11 
35, 134 
5, 14 
2, 5 
1, 3 
1, 3 
4, 13 
3, 12 
5, 22 
2, 4 
5, 18 
1, 3 
1, 13 
3, 8 
1, 2 
1, 21 
2, 25 
4, 23 
1, 4 
1, 2 
1, 3 
1, 3 
3, 6 
3, 4 
3, 4 
4, 6 
1, 2 
1, 2 
6, 19 
3, 8 
2, 4 
2, 5 
2, 5 
4, 14 
1, 4 
5, 9 
1, 7 
1, 3 
1, 3 
1, 5 
6, 11 
1, 6 
1, 2 
1, 3 
1, 3 
2, 7 
1, 2 
2, 5 
7, 57 
3, 7 
15, 55 
1, 2 
2, 7 
2, 6 
14, 50 
11, 40 
8, 26 
3, 7 
1, 3 
1, 2 
4, 11 
2, 9 
1, 3 
2, 7 
1, 2 
1, 2 
1, 2 
1, 2 
1, 2 
2, 4 
2, 17 
1, 5 
1, 2 
1, 2 
12, 53 
1, 2 
1, 2 
1, 4 
1, 2 
1, 2 
1, 4 
1, 2 
1, 3 
1, 3 
1, 2 
2, 5 
2, 6 
1, 3 
2, 10 
2, 11 
2, 8 
1, 4 
1, 4 
2, 4 
1, 3 
1, 1 
2, 8 
4, 7 
1, 4 
1, 4 
1, 3 
1, 3 
1, 2 
1, 2 
1, 2 
1, 3 
1, 2 
2, 11 
11, 45 
27, 111 
2, 15 
1, 8 
30, 101 
3, 14 
3, 7 
3, 18 
5, 10 
3, 6 
13, 47 
1, 2 
1, 2 
1, 2 
4, 9 
33, 71 
34, 61 
4, 10 
1, 5 
2, 6 
2, 7 
1, 2 
1, 10 
1, 2 
23, 47 
1, 2 
1, 5 
1, 2 
1, 2 
2, 4 
1, 3 
1, 8 
1, 2 
1, 2 
3, 13 
1, 3 
1, 3 
1, 2 
1, 2 
1, 2 
1, 2 
1, 2 
1, 2 
1, 2 
1, 2 
1, 2 
1, 4 
6, 11 
1, 2 
1, 3 
2, 11 
2, 4 
2, 4 
5, 19 
4, 18 
9, 27 
1, 2 
1, 2 
1, 2 
1, 2 
1, 3 
1, 2 
3, 8 
3, 8 
3, 8 
3, 8 
3, 8 
3, 9 
3, 10 
3, 8 
1, 2 
1, 4 
1, 4 
1, 2 
6, 34 
1, 2 
2, 4 
1, 3 
1, 2 
4, 12 
2, 8 
1, 2 
3, 10 
2, 4 
5, 19 
5, 14 
1, 1 
1, 3 
1, 2 
1, 1 
1, 2 
1, 3 
1, 2 
1, 3 
3, 15 
7, 22 
3, 8 
83, 250 
1, 2 
2, 6 
1, 2 
1, 2 
1, 2 
1, 2 
1, 2 
1, 2 
1, 19 
3, 7 
1, 2 
1, 2 
16, 63 
1, 2 
1, 3 
1, 3 
1, 3 
1, 3 
1, 3 
1, 3 
1, 3 
1, 3 
1, 3 
1, 3 
3, 4 
1, 2 
1, 2 
1, 2 
1, 4 
11, 20 
7, 16 
1, 2 
1, 6 
2, 8 
2, 6 
1, 2 
1, 3 
3, 11 
2, 7 
9, 24 
1, 1 
2, 9 
2, 5 
2, 5 
1, 2 
1, 2 
1, 3 
1, 2 
1, 2 
1, 2 
1, 2 
1, 2 
1, 2 
1, 2 
1, 2 
1, 1 
1, 1 
1, 1 
1, 1 
3, 6 
1, 2 
11, 50 
4, 13 
7, 17 
4, 8 
4, 10 
1, 2 
4, 10 
4, 6 
1, 2 
1, 2 
1, 2 
1, 2 
1, 3 
1, 5 
3, 7 
1, 3 
1, 2 
1, 3 
4, 9 
1, 2 
1, 2 
2, 10 
1, 2 
3, 5 
2, 4 
1, 2 
1, 2 
1, 2 
1, 3 
1, 6 
1, 5 
3, 8 
2, 4 
4, 7 
3, 5 
3, 5 
2, 7 
1, 3 
2, 8 
2, 7 
2, 5 
10, 31 
1, 3 
3, 9 
1, 5 
3, 7 
1, 3 
1, 2 
1, 2 
1, 2 
2, 10 
3, 5 
2, 4 
1, 2 
1, 2 
1, 3 
3, 9 
3, 11 
10, 36 
4, 11 
1, 2 
2, 5 
2, 4 
1, 3 
22, 69 
1, 14 
3, 13 
4, 59 
3, 8 
1, 1 
1, 1 
64, 170 
1, 9 
1, 1 
1, 1 
1, 1 
1, 3 
8, 25 
8, 49 
5, 22 
12, 35 
5, 14 
2, 35 
12, 70 
5, 7 
3, 5 
3, 5 
2, 3 
6, 13 
5, 7 
4, 7 
4, 7 
4, 10 
5, 11 
4, 8 
4, 7 
4, 6 
3, 5 
4, 5 
4, 10 
4, 9 
1, 2 
1, 4 
2, 4 
2, 4 
1, 6 
1, 6 
7, 22 
7, 20 
2, 3 
2, 3 
16, 58 
1, 2 
13, 37 
1, 3 
8, 19 
5, 13 
1, 2 
2, 11 
1, 50 
4, 19 
1, 2 
1, 14 
4, 25 
1, 2 
1, 2 
1, 2 
1, 2 
1, 2 
1, 2 
1, 2 
1, 2 
1, 2 
1, 2 
1, 2 
3, 8 
3, 9 
1, 1 
4, 10 
2, 6 
2, 5 
4, 9 
5, 12 
3, 4 
1, 2 
1, 2 
1, 2 
1, 2 
1, 2 
1, 3 
2, 4 
1, 2 
1, 2 
1, 2 
25, 87 
7, 16 
1, 3 
1, 2 
5, 24 
2, 10 
1, 2 
3, 12 
3, 10 
6, 17 
1, 2 
1, 2 
2, 6 
2, 8 
1, 2 
2, 5 
1, 3 
4, 8 
6, 12 
4, 6 
2, 3 
1, 3 
1, 3 
2, 4 
2, 4 
2, 6 
2, 4 
2, 4 
3, 6 
3, 6 
3, 6 
1, 2 
3, 7 
2, 4 
2, 6 
2, 6 
1, 4 
2, 5 
1, 5 
1, 2 
1, 2 
1, 1 
1, 1 
1, 2 
1, 2 
1, 2 
1, 2 
1, 1 
1, 2 
2, 5 
2, 5 
1, 2 
1, 2 
1, 2 
1, 2 
1, 2 
3, 5 
1, 2 
1, 3 
1, 3 
1, 3 
1, 2 
1, 2 
6, 35 
5, 13 
2, 10 
1, 4 
5, 9 
3, 3 
1, 2 
1, 2 
1, 2 
1, 3 
1, 2 
1, 3 
1, 2 
1, 2 
1, 3 
1, 2 
5, 13 
4, 12 
1, 5 
1, 5 
2, 7 
1, 2 
1, 2 
1, 4 
1, 4 
1, 4 
1, 4 
2, 7 
2, 12 
4, 15 
2, 9 
1, 2 
1, 10 
6, 11 
6, 19 
2, 4 
2, 7 
23, 81 
4, 17 
3, 5 
7, 37 
5, 20 
5, 22 
1, 4 
3, 11 
8, 43 
1, 2 
11, 41 
1, 2 
1, 2 
1, 6 
1, 2 
1, 2 
1, 7 
1, 2 
1, 2 
1, 2 
1, 2 
1, 2 
1, 2 
1, 2 
1, 2 
1, 2 
1, 2 
1, 2 
1, 4 
1, 2 
1, 2 
1, 2 
1, 2 
1, 2 
1, 2 
1, 2 
1, 2 
1, 2 
1, 2 
1, 2 
1, 2 
1, 2 
1, 2 
1, 2 
1, 2 
1, 2 
1, 2 
1, 2 
1, 2 
1, 2 
1, 2 
1, 2 
1, 2 
1, 2 
1, 2 
1, 2 
1, 2 
1, 2 
1, 2 
1, 2 
1, 2 
1, 2 
1, 2 
1, 2 
1, 2 
1, 2 
1, 2 
1, 2 
1, 2 
1, 2 
1, 2 
1, 2 
1, 2 
1, 2 
1, 2 
1, 2 
1, 2 
1, 2 
1, 2 
1, 2 
1, 2 
1, 2 
1, 2 
1, 2 
1, 2 
1, 2 
1, 2 
1, 2 
1, 2 
1, 2 
1, 2 
1, 2 
1, 2 
1, 2 
1, 2 
2, 9 
5, 14 
1, 2 
2, 9 
6, 26 
2, 10 
2, 10 
3, 13 
1, 2 
2, 13 
1, 2 
1, 2 
1, 2 
1, 2 
1, 2 
1, 2 
1, 2 
1, 2 
1, 2 
1, 2 
5, 14 
1, 2 
1, 2 
1, 2 
1, 2 
2, 10 
2, 10 
1, 2 
1, 2 
1, 7 
1, 2 
1, 2 
1, 7 
2, 5 
1, 3 
2, 2 
1, 2 
1, 2 
1, 2 
1, 2 
1, 2 
1, 2 
1, 2 
1, 2 
1, 2 
1, 4 
1, 2 
5, 9 
1, 2 
1, 2 
1, 2 
1, 2 
1, 2 
1, 2 
1, 3 
1, 2 
1, 3 
2, 5 
1, 3 
1, 2 
4, 10 
3, 10 
12, 35 
1, 6 
1, 2 
2, 8 
6, 16 
1, 10 
1, 11 
1, 2 
6, 18 
4, 19 
6, 18 
7, 23 
7, 23 
8, 22 
5, 15 
5, 15 
1, 2 
1, 2 
1, 2 
1, 2 
1, 1 
2, 26 
5, 31 
3, 11 
3, 7 
3, 7 
3, 7 
3, 7 
6, 16 
4, 12 
3, 10 
3, 8 
3, 8 
3, 9 
1, 3 
1, 3 
2, 6 
5, 14 
1, 3 
1, 2 
2, 5 
1, 2 
1, 2 
1, 4 
1, 2 
1, 2 
1, 2 
3, 8 
2, 6 
1, 2 
2, 4 
1, 2 
1, 2 
1, 2 
2, 5 
1, 2 
1, 4 
1, 2 
1, 2 
1, 2 
1, 3 
1, 2 
3, 9 
4, 16 
5, 14 
2, 7 
2, 11 
1, 1 
1, 4 
10, 37 
1, 1 
3, 6 
2, 5 
1, 5 
2, 4 
1, 2 
4, 10 
2, 8 
2, 4 
1, 3 
2, 5 
1, 3 
1, 3 
1, 2 
1, 3 
1, 2 
1, 2 
1, 5 
1, 3 
1, 2 
1, 3 
1, 3 
1, 2 
2, 4 
1, 3 
1, 2 
1, 2 
1, 2 
1, 2 
1, 3 
1, 2 
4, 12 
1, 2 
1, 2 
1, 2 
1, 2 
1, 2 
7, 11 
7, 11 
2, 6 
11, 33 
3, 8 
3, 8 
14, 44 
7, 16 
15, 29 
1, 3 
2, 4 
2, 9 
5, 10 
1, 2 
1, 4 
1, 4 
15, 21 
1, 1 
1, 2 
7, 11 
5, 11 
2, 6 
1, 2 
3, 9 
2, 4 
1, 34 
1, 2 
1, 2 
1, 2 
4, 5 
1, 4 
11, 39 
21, 82 
5, 21 
3, 7 
6, 36 
2, 24 
29, 76 
1, 1 
1, 1 
4, 7 
2, 4 
1, 1 
1, 1 
5, 96 
1, 10 
1, 4 
1, 3 
7, 29 
6, 42 
2, 5 
2, 5 
3, 8 
1, 2 
1, 3 
1, 2 
1, 2 
1, 2 
1, 2 
1, 3 
1, 2 
1, 3 
1, 2 
1, 3 
1, 2 
1, 3 
1, 2 
1, 3 
1, 3 
4, 6 
1, 1 
2, 6 
4, 17 
3, 7 
1, 2 
1, 2 
4, 14 
4, 9 
7, 16 
8, 23 
3, 5 
4, 10 
1, 3 
1, 2 
4, 2 
1, 6 
3, 10 
12, 31 
4, 18 
3, 8 
1, 2 
1, 2 
1, 2 
1, 3 
1, 2 
1, 2 
1, 2 
1, 2 
1, 5 
1, 3 
1, 2 
1, 2 
1, 3 
1, 2 
1, 3 
1, 2 
1, 2 
1, 3 
1, 7 
1, 3 
1, 2 
1, 2 
5, 20 
5, 21 
2, 5 
11, 57 
7, 19 
1, 2 
1, 12 
1, 5 
1, 4 
5, 8 
1, 2 
3, 6 
1, 2 
7, 17 
1, 2 
1, 2 
1, 2 
1, 1 
1, 2 
2, 6 
2, 5 
3, 5 
1, 2 
1, 2 
1, 2 
1, 2 
1, 2 
1, 2 
1, 2 
1, 2 
1, 2 
1, 2 
1, 2 
1, 2 
1, 2 
1, 2 
1, 2 
1, 2 
1, 2 
1, 2 
1, 2 
1, 2 
1, 2 
1, 2 
1, 2 
1, 2 
1, 2 
1, 2 
1, 2 
1, 2 
1, 2 
1, 2 
1, 2 
1, 2 
1, 2 
1, 2 
1, 2 
1, 2 
1, 2 
1, 2 
1, 2 
1, 2 
1, 2 
1, 2 
1, 2 
1, 2 
1, 2 
1, 2 
1, 2 
1, 2 
1, 2 
1, 2 
1, 2 
1, 2 
1, 2 
1, 2 
1, 1 
1, 1 
1, 1 
1, 1 
1, 1 
1, 1 
1, 1 
1, 1 
1, 1 
1, 1 
1, 1 
1, 1 
1, 2 
1, 2 
1, 1 
1, 1 
1, 2 
1, 2 
1, 1 
1, 2 
1, 2 
1, 2 
1, 2 
1, 2 
1, 2 
1, 1 
1, 1 
1, 1 
1, 1 
1, 1 
1, 1 
1, 1 
1, 2 
1, 2 
1, 2 
1, 2 
1, 2 
1, 2 
1, 2 
1, 2 
1, 2 
1, 2 
1, 2 
1, 2 
1, 2 
1, 3 
2, 5 
2, 5 
2, 6 
1, 4 
1, 4 
2, 4 
2, 4 
1, 2 
1, 2 
1, 2 
1, 2 
1, 2 
1, 2 
1, 2 
1, 2 
1, 2 
1, 2 
1, 2 
1, 1 
1, 2 
1, 1 
1, 4 
3, 17 
1, 3 
3, 12 
1, 2 
1, 2 
7, 20 
3, 13 
1, 2 
1, 2 
1, 2 
2, 11 
1, 3 
5, 10 
1, 3 
1, 3 
1, 4 
1, 3 
1, 2 
4, 14 
1, 2 
3, 6 
1, 2 
3, 7 
1, 3 
2, 4 
3, 9 
4, 9 
1, 2 
1, 3 
1, 3 
1, 2 
1, 2 
1, 2 
1, 2 
1, 2 
7, 20 
8, 22 
3, 13 
1, 4 
2, 23 
1, 2 
1, 2 
1, 2 
1, 2 
5, 13 
15, 37 
1, 1 
4, 17 
4, 18 
1, 2 
1, 2 
2, 7 
8, 12 
12, 56 
1, 2 
1, 4 
1, 2 
1, 2 
4, 18 
2, 5 
1, 4 
1, 2 
6, 26 
1, 3 
1, 2 
3, 9 
1, 4 
3, 7 
1, 2 
1, 2 
1, 5 
1, 9 
1, 5 
1, 4 
1, 1 
1, 1 
1, 1 
1, 1 
1, 6 
1, 1 
1, 1 
1, 1 
1, 2 
1, 7 
1, 1 
1, 1 
5, 17 
1, 2 
1, 2 
1, 3 
1, 3 
2, 11 
2, 11 
3, 25 
5, 18 
1, 3 
2, 8 
1, 5 
1, 2 
1, 5 
1, 11 
9, 39 
4, 25 
1, 5 
1, 2 
1, 2 
2, 3 
1, 2 
1, 2 
1, 2 
3, 4 
2, 5 
1, 4 
1, 2 
3, 9 
2, 5 
4, 7 
4, 7 
4, 7 
4, 7 
3, 11 
2, 3 
9, 24 
6, 11 
3, 4 
6, 20 
2, 4 
3, 6 
10, 30 
1, 2 
10, 108 
2, 13 
1, 2 
2, 5 
2, 5 
1, 2 
1, 2 
1, 2 
1, 3 
4, 26 
13, 93 
1, 1 
15, 38 
1, 3 
1, 2 
1, 4 
3, 22 
3, 41 
7, 19 
1, 1 
8, 37 
1, 5 
1, 2 
2, 5 
1, 2 
2, 6 
2, 6 
3, 7 
1, 2 
2, 21 
1, 3 
1, 3 
5, 13 
1, 7 
5, 14 
3, 13 
4, 18 
1, 36 
1, 17 
1, 37 
1, 8 
1, 4 
2, 11 
1, 3 
1, 2 
1, 2 
1, 2 
1, 2 
1, 2 
1, 2 
1, 2 
1, 2 
1, 2 
1, 2 
1, 2 
1, 2 
1, 2 
1, 2 
1, 2 
1, 2 
1, 2 
1, 2 
1, 2 
1, 3 
2, 5 
2, 6 
1, 4 
1, 4 
2, 4 
2, 4 
1, 2 
1, 2 
1, 2 
1, 2 
1, 2 
1, 2 
1, 2 
1, 2 
1, 2 
1, 2 
1, 2 
1, 2 
1, 4 
1, 2 
1, 2 
1, 2 
1, 2 
4, 10 
1, 2 
1, 2 
3, 7 
2, 4 
1, 3 
5, 15 
3, 6 
1, 12 
1, 7 
6, 22 
1, 2 
1, 2 
2, 5 
1, 2 
1, 2 
1, 2 
4, 11 
8, 35 
1, 3 
6, 10 
1, 3 
1, 3 
11, 54 
1, 1 
3, 8 
8, 32 
2, 17 
3, 6 
6, 12 
1, 2 
1, 2 
1, 2 
1, 2 
1, 9 
1, 8 
1, 6 
1, 2 
1, 2 
1, 2 
1, 2 
1, 2 
1, 2 
1, 2 
1, 2 
1, 2 
1, 7 
4, 17 
1, 4 
1, 2 
1, 3 
1, 2 
2, 4 
1, 2 
1, 2 
1, 2 
3, 14 
1, 2 
1, 2 
1, 4 
1, 6 
1, 4 
1, 2 
3, 7 
1, 6 
1, 2 
1, 3 
1, 2 
3, 6 
1, 4 
1, 2 
1, 2 
1, 3 
3, 8 
2, 4 
1, 2 
1, 2 
1, 2 
1, 2 
7, 16 
14, 19 
1, 3 
4, 10 
5, 15 
1, 2 
1, 4 
1, 2 
2, 5 
1, 2 
1, 2 
1, 2 
1, 2 
1, 2 
1, 2 
1, 2 
1, 2 
1, 2 
10, 34 
8, 34 
1, 2 
1, 2 
1, 2 
71, 215 
4, 8 
2, 5 
1, 2 
1, 2 
1, 2 
1, 2 
1, 2 
1, 2 
1, 2 
1, 2 
5, 10 
2, 4 
2, 4 
91, 284 
19, 69 
1, 2 
1, 5 
1, 5 
3, 7 
3, 7 
47, 188 
7, 36 
90, 239 
1, 3 
1, 3 
5, 13 
4, 8 
1, 2 
6, 11 
18, 79 
18, 27 
3, 8 
6, 7 
6, 7 
5, 19 
2, 13 
7, 25 
1, 4 
2, 11 
9, 17 
2, 8 
8, 14 
5, 17 
126, 401 
7, 17 
1, 6 
2, 6 
4, 12 
5, 22 
32, 119 
5, 15 
4, 8 
22, 104 
1, 3 
1, 3 
1, 3 
1, 2 
1, 2 
1, 3 
3, 8 
1, 2 
9, 27 
7, 82 
3, 16 
2, 27 
5, 93 
8, 103 
6, 58 
2, 20 
3, 23 
7, 70 
2, 36 
4, 128 
8, 48 
6, 61 
3, 6 
3, 5 
1, 1 
1, 1 
1, 5 
3, 6 
1, 3 
2, 5 
1, 4 
2, 6 
3, 6 
1, 4 
4, 7 
1, 2 
3, 9 
1, 6 
1, 7 
4, 12 
1, 2 
1, 3 
2, 5 
1, 2 
3, 5 
1, 2 
1, 1 
1, 5 
1, 14 
3, 8 
1, 8 
1, 3 
1, 2 
1, 6 
7, 109 
1, 4 
3, 6 
5, 17 
3, 12 
6, 29 
1, 2 
1, 2 
2, 7 
3, 9 
1, 3 
2, 6 
5, 9 
2, 7 
1, 2 
1, 2 
1, 2 
1, 2 
9, 61 
4, 73 
3, 10 
1, 5 
2, 11 
2, 13 
2, 6 
1, 7 
2, 8 
4, 31 
2, 17 
4, 19 
4, 17 
2, 5 
1, 4 
1, 2 
1, 2 
1, 2 
1, 2 
1, 2 
1, 2 
3, 11 
7, 24 
2, 8 
1, 2 
1, 2 
1, 2 
9, 32 
1, 2 
3, 8 
2, 7 
2, 7 
3, 7 
1, 2 
2, 5 
1, 2 
15, 48 
5, 12 
1, 2 
5, 22 
5, 21 
1, 1 
1, 2 
1, 2 
1, 2 
1, 1 
1, 1 
1, 1 
1, 1 
1, 1 
1, 1 
1, 1 
1, 1 
1, 1 
1, 1 
1, 1 
1, 3 
2, 7 
1, 2 
3, 11 
1, 2 
2, 4 
2, 4 
1, 2 
1, 2 
1, 2 
4, 8 
3, 7 
1, 2 
1, 1 
1, 2 
1, 3 
8, 21 
2, 4 
5, 10 
4, 12 
4, 12 
1, 2 
2, 5 
1, 2 
3, 9 
5, 13 
4, 15 
1, 2 
1, 2 
3, 7 
1, 2 
3, 7 
1, 2 
8, 18 
6, 22 
4, 13 
3, 7 
6, 10 
3, 8 
3, 4 
3, 4 
3, 4 
1, 4 
2, 4 
3, 7 
1, 7 
1, 3 
33, 126 
22, 70 
2, 8 
13, 69 
36, 98 
11, 23 
1, 6 
9, 40 
7, 24 
28, 93 
10, 45 
2, 10 
1, 2 
1, 2 
6, 36 
3, 15 
46, 186 
3, 7 
1, 3 
4, 14 
1, 4 
7, 17 
4, 13 
8, 10 
1, 11 
1, 7 
2, 12 
5, 24 
2, 12 
1, 2 
7, 20 
2, 7 
5, 21 
2, 6 
3, 6 
5, 27 
2, 9 
2, 8 
2, 14 
2, 10 
1, 6 
1, 5 
1, 4 
1, 3 
5, 9 
1, 2 
6, 35 
1, 2 
1, 3 
1, 2 
7, 26 
1, 2 
6, 36 
1, 1 
1, 4 
1, 15 
2, 6 
1, 4 
5, 10 
4, 7 
2, 4 
2, 4 
5, 8 
1, 3 
5, 8 
1, 2 
2, 4 
4, 3 
2, 7 
5, 5 
2, 5 
2, 7 
1, 3 
8, 21 
2, 7 
1, 2 
1, 2 
1, 2 
1, 2 
79, 228 
1, 2 
3, 19 
1, 3 
4, 14 
4, 28 
2, 15 
3, 18 
7, 33 
1, 2 
1, 3 
3, 11 
4, 17 
3, 4 
1, 3 
1, 3 
1, 6 
1, 5 
1, 3 
1, 3 
1, 3 
8, 40 
1, 2 
1, 2 
3, 7 
8, 33 
3, 7 
7, 12 
1, 2 
1, 2 
3, 5 
2, 2 
3, 5 
1, 2 
1, 2 
1, 1 
1, 2 
1, 6 
1, 2 
1, 4 
3, 14 
1, 55 
3, 59 
5, 27 
2, 9 
4, 20 
2, 6 
1, 4 
11, 32 
7, 20 
1, 3 
13, 41 
5, 18 
5, 12 
3, 14 
1, 2 
1, 2 
1, 2 
1, 2 
1, 2 
1, 2 
1, 2 
1, 2 
1, 2 
1, 2 
1, 2 
1, 2 
1, 2 
1, 2 
2, 4 
2, 4 
1, 2 
1, 2 
1, 2 
1, 2 
1, 2 
1, 2 
1, 2 
1, 2 
1, 2 
1, 2 
1, 2 
1, 2 
1, 2 
1, 1 
4, 17 
3, 7 
7, 16 
3, 6 
3, 5 
3, 6 
3, 5 
4, 17 
3, 11 
14, 29 
5, 15 
3, 7 
5, 11 
4, 11 
4, 13 
2, 4 
6, 12 
3, 5 
30, 80 
18, 53 
6, 17 
1, 2 
12, 56 
3, 20 
1, 2 
2, 6 
18, 173 
4, 34 
2, 6 
1, 9 
1, 3 
6, 19 
5, 14 
1, 3 
2, 5 
2, 5 
1, 2 
1, 2 
2, 6 
2, 6 
2, 5 
2, 6 
2, 7 
2, 16 
2, 4 
1, 3 
1, 3 
3, 5 
1, 3 
2, 5 
1, 3 
1, 2 
1, 2 
1, 3 
31, 62 
8, 77 
7, 57 
6, 78 
4, 71 
3, 46 
2, 12 
2, 14 
2, 27 
2, 29 
2, 15 
2, 19 
5, 43 
4, 58 
3, 43 
2, 28 
2, 21 
15, 86 
2, 21 
9, 72 
3, 55 
3, 39 
6, 16 
2, 5 
1, 2 
1, 4 
1, 4 
1, 4 
1, 4 
1, 4 
3, 8 
4, 10 
1, 2 
2, 5 
1, 2 
1, 2 
1, 2 
1, 2 
1, 2 
1, 2 
1, 2 
1, 2 
1, 2 
1, 2 
1, 2 
1, 2 
1, 2 
1, 2 
1, 2 
1, 1 
1, 2 
1, 2 
3, 6 
2, 5 
1, 2 
1, 2 
2, 3 
3, 3 
1, 3 
4, 12 
8, 18 
9, 17 
3, 4 
1, 3 
1, 3 
1, 3 
1, 3 
1, 3 
1, 2 
1, 2 
1, 2 
1, 2 
1, 2 
1, 2 
1, 2 
1, 2 
1, 2 
1, 2 
1, 2 
1, 2 
1, 2 
1, 2 
1, 2 
1, 2 
1, 2 
1, 2 
1, 2 
1, 2 
1, 2 
1, 2 
1, 2 
1, 2 
1, 2 
1, 1 
1, 2 
1, 4 
1, 2 
1, 2 
1, 2 
1, 2 
3, 9 
1, 2 
1, 2 
1, 2 
1, 2 
1, 2 
1, 2 
1, 2 
4, 4 
2, 6 
10, 34 
4, 14 
1, 2 
1, 2 
1, 2 
1, 2 
1, 1 
1, 1 
1, 2 
1, 2 
1, 2 
1, 1 
1, 2 
1, 2 
1, 2 
1, 2 
1, 1 
1, 1 
1, 1 
1, 1 
1, 1 
1, 1 
1, 1 
1, 1 
1, 1 
1, 1 
1, 1 
1, 1 
1, 1 
1, 1 
1, 1 
1, 1 
1, 1 
1, 1 
1, 1 
1, 1 
2, 9 
1, 2 
1, 2 
1, 2 
3, 10 
1, 2 
1, 2 
1, 2 
1, 2 
1, 2 
1, 2 
2, 5 
1, 3 
1, 4 
4, 13 
1, 5 
1, 2 
1, 5 
6, 15 
1, 3 
1, 3 
1, 2 
2, 10 
4, 11 
1, 2 
2, 6 
2, 11 
2, 8 
1, 8 
1, 2 
1, 2 
11, 20 
30, 67 
1, 2 
1, 1 
1, 2 
1, 2 
4, 3 
1, 4 
5, 18 
1, 2 
1, 2 
6, 14 
1, 1 
1, 2 
1, 14 
1, 2 
4, 3 
1, 4 
3, 7 
1, 4 
5, 7 
1, 4 
1, 6 
1, 6 
1, 5 
1, 4 
1, 5 
1, 6 
1, 6 
1, 2 
1, 2 
1, 2 
2, 8 
9, 25 
1, 2 
6, 19 
7, 28 
3, 7 
1, 9 
28, 85 
2, 8 
1, 6 
1, 7 
1, 2 
1, 2 
1, 2 
1, 2 
1, 2 
1, 2 
1, 2 
1, 2 
1, 3 
2, 7 
1, 2 
1, 2 
1, 2 
1, 2 
1, 2 
1, 2 
1, 2 
1, 2 
1, 2 
1, 2 
6, 14 
1, 5 
1, 2 
1, 2 
2, 4 
1, 2 
1, 2 
3, 8 
1, 5 
4, 13 
1, 2 
4, 11 
4, 10 
1, 3 
2, 3 
5, 9 
2, 5 
1, 2 
1, 2 
1, 2 
1, 2 
3, 12 
2, 5 
1, 2 
2, 5 
4, 17 
1, 2 
1, 2 
1, 2 
1, 2 
1, 2 
1, 2 
1, 4 
28, 67 
1, 2 
1, 4 
1, 1 
1, 2 
1, 2 
1, 3 
1, 2 
1, 2 
1, 2 
1, 2 
1, 2 
5, 5 
2, 2 
4, 5 
6, 8 
6, 18 
11, 24 
3, 7 
3, 10 
5, 18 
1, 2 
3, 9 
1, 2 
1, 3 
3, 7 
5, 13 
6, 16 
3, 11 
7, 12 
1, 4 
1, 4 
2, 6 
2, 4 
1, 2 
1, 2 
2, 4 
1, 2 
1, 2 
16, 35 
1, 6 
1, 3 
1, 3 
1, 2 
2, 4 
1, 2 
1, 2 
1, 3 
2, 4 
1, 4 
9, 89 
3, 25 
25, 59 
2, 6 
1, 2 
3, 5 
1, 5 
3, 20 
1, 2 
1, 2 
1, 2 
1, 2 
1, 2 
3, 8 
2, 7 
1, 2 
1, 3 
1, 3 
2, 4 
3, 4 
7, 28 
7, 40 
18, 117 
2, 6 
1, 4 
3, 7 
6, 16 
14, 37 
2, 9 
2, 8 
6, 17 
1, 3 
4, 11 
11, 29 
2, 7 
2, 5 
2, 6 
3, 9 
3, 5 
3, 5 
4, 14 
3, 9 
2, 15 
1, 2 
4, 9 
4, 7 
5, 9 
5, 12 
3, 10 
1, 2 
1, 2 
1, 2 
1, 2 
1, 2 
1, 6 
4, 9 
1, 3 
1, 2 
1, 2 
1, 2 
2, 4 
2, 6 
2, 8 
1, 2 
1, 2 
1, 2 
1, 2 
1, 2 
1, 2 
1, 40 
2, 4 
1, 77 
1, 25 
1, 7 
1, 18 
1, 10 
1, 6 
1, 105 
1, 2 
1, 2 
7, 345 
1, 3 
1, 9 
2, 8 
3, 10 
4, 13 
3, 9 
1, 1 
1, 2 
1, 3 
2, 7 
1, 3 
2, 5 
1, 2 
1, 5 
3, 7 
1, 4 
1, 3 
1, 2 
3, 3 
3, 4 
1, 2 
1, 2 
2, 6 
1, 2 
1, 2 
1, 6 
2, 12 
4, 20 
3, 11 
1, 8 
3, 6 
2, 6 
1, 2 
4, 8 
3, 6 
1, 13 
9, 21 
2, 5 
9, 24 
2, 23 
2, 5 
8, 54 
3, 12 
2, 9 
3, 7 
2, 7 
1, 2 
1, 2 
2, 3 
5, 16 
2, 3 
1, 2 
1, 2 
3, 13 
5, 11 
1, 4 
1, 1 
1, 2 
1, 2 
1, 2 
4, 12 
2, 4 
1, 6 
5, 25 
1, 6 
14, 75 
16, 87 
2, 7 
1, 1 
2, 11 
1, 5 
1, 2 
1, 2 
1, 2 
1, 2 
1, 4 
2, 7 
1, 2 
1, 2 
1, 3 
2, 4 
1, 2 
1, 2 
18, 35 
3, 4 
13, 23 
15, 37 
14, 30 
28, 70 
20, 36 
5, 11 
2, 4 
14, 29 
13, 32 
3, 7 
5, 13 
9, 13 
9, 13 
3, 11 
14, 23 
11, 19 
17, 41 
2, 5 
2, 4 
1, 2 
1, 2 
2, 4 
1, 2 
2, 4 
1, 2 
1, 1 
1, 1 
1, 7 
2, 3 
2, 5 
1, 2 
1, 2 
1, 2 
1, 3 
1, 4 
1, 5 
1, 2 
1, 2 
3, 4 
1, 2 
4, 8 
5, 10 
4, 12 
8, 13 
1, 3 
2, 6 
3, 7 
4, 12 
5, 8 
2, 7 
4, 8 
11, 18 
19, 38 
1, 3 
1, 2 
2, 5 
2, 5 
2, 5 
2, 5 
1, 2 
2, 5 
2, 5 
2, 5 
17, 26 
10, 40 
1, 2 
1, 2 
1, 2 
1, 2 
1, 2 
1, 2 
1, 2 
1, 2 
1, 2 
70, 177 
1, 2 
2, 3 
2, 4 
2, 4 
1, 3 
2, 4 
1, 2 
1, 3 
1, 2 
2, 86 
2, 14 
6, 35 
1, 11 
1, 2 
6, 10 
1, 2 
9, 21 
8, 16 
1, 2 
1, 2 
16, 25 
16, 20 
2, 5 
14, 20 
4, 7 
1, 2 
1, 2 
11, 15 
1, 4 
2, 5 
1, 3 
5, 10 
1, 2 
1, 2 
1, 4 
11, 14 
13, 45 
5, 8 
2, 6 
1, 2 
1, 2 
1, 2 
1, 2 
1, 2 
2, 6 
1, 2 
1, 2 
8, 29 
1, 2 
1, 2 
2, 3 
2, 4 
2, 9 
1, 2 
1, 2 
3, 6 
1, 4 
1, 2 
5, 12 
14, 17 
5, 9 
4, 7 
11, 14 
33, 66 
2, 6 
24, 39 
8, 11 
17, 21 
11, 14 
24, 37 
24, 38 
13, 34 
1, 4 
3, 6 
3, 8 
3, 8 
2, 5 
4, 9 
1, 3 
3, 19 
1, 4 
1, 4 
1, 3 
7, 31 
12, 36 
2, 15 
1, 2 
1, 3 
1, 3 
28, 103 
13, 35 
19, 65 
2, 4 
1, 1 
1, 3 
1, 2 
3, 20 
1, 12 
7, 6 
5, 15 
7, 23 
2, 8 
8, 35 
1, 2 
1, 2 
1, 2 
2, 5 
2, 5 
2, 5 
1, 2 
1, 2 
4, 10 
2, 4 
1, 2 
15, 61 
1, 2 
1, 2 
1, 2 
1, 2 
1, 2 
1, 2 
1, 2 
1, 3 
2, 3 
1, 2 
1, 2 
1, 2 
1, 2 
1, 2 
1, 2 
1, 4 
5, 12 
3, 6 
3, 6 
5, 8 
3, 6 
5, 16 
2, 8 
2, 9 
1, 4 
5, 9 
4, 8 
3, 5 
1, 11 
4, 6 
5, 8 
5, 11 
5, 12 
1, 2 
2, 5 
1, 3 
1, 2 
1, 2 
1, 2 
1, 2 
1, 5 
1, 2 
5, 13 
5, 8 
2, 5 
1, 6 
1, 2 
1, 2 
6, 28 
2, 11 
6, 34 
1, 4 
3, 17 
3, 11 
1, 2 
1, 2 
1, 2 
6, 9 
1, 6 
3, 9 
6, 22 
2, 10 
3, 8 
2, 6 
3, 5 
2, 8 
2, 11 
1, 4 
1, 3 
1, 6 
4, 6 
5, 11 
7, 15 
4, 9 
2, 3 
6, 13 
4, 10 
32, 77 
5, 13 
2, 5 
9, 40 
1, 5 
13, 39 
4, 9 
8, 45 
9, 27 
3, 6 
1, 2 
1, 2 
3, 6 
1, 4 
1, 5 
1, 2 
1, 2 
3, 8 
1, 2 
1, 2 
1, 1 
4, 3 
1, 2 
1, 2 
3, 14 
3, 15 
4, 10 
2, 4 
1, 2 
3, 5 
1, 3 
4, 10 
1, 7 
1, 7 
2, 4 
1, 2 
1, 2 
1, 2 
2, 6 
3, 7 
1, 2 
1, 2 
1, 2 
1, 2 
2, 6 
1, 2 
2, 3 
1, 3 
1, 2 
1, 5 
1, 5 
1, 2 
1, 2 
1, 2 
1, 3 
1, 2 
1, 3 
1, 2 
1, 2 
1, 3 
26, 62 
1, 1 
1, 2 
2, 4 
1, 4 
2, 5 
3, 6 
3, 10 
1, 5 
3, 7 
3, 7 
3, 11 
8, 20 
1, 13 
1, 5 
2, 4 
33, 97 
2, 7 
1, 3 
1, 3 
1, 2 
7, 33 
3, 19 
2, 11 
2, 11 
4, 17 
3, 15 
7, 26 
1, 6 
57, 89 
5, 14 
2, 4 
1, 2 
1, 4 
4, 11 
1, 5 
1, 10 
1, 11 
1, 7 
1, 5 
1, 6 
9, 40 
1, 2 
2, 3 
1, 2 
1, 2 
1, 5 
8, 26 
1, 2 
1, 2 
4, 9 
1, 3 
1, 3 
2, 8 
1, 3 
2, 8 
1, 3 
2, 6 
2, 4 
5, 10 
4, 9 
1, 3 
2, 6 
3, 7 
2, 7 
1, 4 
2, 7 
1, 4 
1, 3 
1, 4 
1, 4 
1, 3 
1, 3 
4, 7 
6, 20 
1, 3 
1, 6 
6, 23 
4, 8 
2, 5 
5, 13 
5, 15 
5, 13 
4, 10 
1, 9 
2, 3 
1, 2 
1, 2 
1, 1 
2, 5 
1, 2 
2, 3 
1, 2 
1, 2 
1, 2 
2, 5 
2, 4 
1, 2 
1, 2 
1, 2 
1, 2 
2, 5 
3, 9 
1, 2 
5, 14 
34, 79 
1, 32 
5, 51 
1, 1 
57, 147 
1, 49 
1, 3 
1, 3 
1, 2 
2, 7 
1, 2 
1, 2 
4, 7 
1, 2 
1, 4 
4, 12 
2, 4 
1, 4 
2, 10 
3, 11 
1, 3 
1, 3 
1, 2 
1, 2 
1, 2 
2, 6 
6, 21 
1, 2 
1, 2 
1, 2 
1, 3 
1, 3 
1, 3 
1, 3 
1, 3 
1, 3 
1, 2 
1, 4 
1, 4 
2, 44 
1, 6 
1, 6 
1, 6 
1, 6 
1, 6 
1, 7 
1, 5 
1, 6 
2, 24 
9, 25 
10, 76 
1, 3 
1, 2 
5, 12 
1, 2 
45, 200 
4, 14 
3, 8 
5, 36 
5, 33 
9, 25 
10, 76 
1, 3 
1, 2 
1, 2 
12, 38 
3, 6 
2, 6 
2, 6 
10, 35 
10, 36 
10, 39 
2, 3 
8, 25 
6, 18 
3, 7 
3, 5 
4, 6 
5, 35 
2, 7 
3, 7 
1, 4 
1, 4 
1, 4 
1, 4 
6, 16 
5, 21 
4, 14 
9, 32 
1, 2 
3, 7 
2, 5 
3, 8 
1, 2 
1, 3 
30, 80 
6, 15 
1, 2 
6, 21 
1, 4 
1, 2 
1, 2 
1, 2 
3, 7 
1, 2 
1, 4 
3, 6 
2, 5 
2, 7 
2, 7 
1, 3 
1, 4 
1, 4 
1, 5 
1, 5 
2, 4 
1, 5 
1, 5 
1, 2 
3, 10 
1, 2 
1, 5 
1, 2 
1, 6 
1, 6 
1, 6 
1, 4 
5, 19 
1, 2 
1, 4 
1, 2 
1, 2 
1, 2 
1, 2 
1, 2 
2, 16 
5, 81 
6, 94 
2, 6 
1, 8 
3, 11 
1, 3 
1, 1 
1, 2 
1, 2 
1, 2 
2, 5 
2, 5 
2, 18 
3, 6 
6, 10 
1, 3 
2, 8 
5, 10 
5, 15 
1, 2 
1, 2 
1, 2 
3, 6 
1, 2 
6, 10 
1, 3 
1, 2 
1, 2 
1, 2 
1, 2 
3, 77 
3, 11 
2, 17 
2, 8 
2, 7 
2, 5 
1, 3 
1, 5 
1, 5 
1, 5 
5, 18 
2, 10 
6, 13 
1, 7 
2, 4 
1, 2 
4, 17 
7, 26 
2, 4 
2, 3 
2, 3 
2, 3 
2, 4 
3, 3 
2, 3 
2, 6 
2, 3 
2, 4 
1, 3 
1, 2 
1, 2 
1, 2 
2, 4 
1, 8 
1, 2 
1, 11 
3, 13 
1, 2 
1, 3 
1, 9 
6, 12 
14, 59 
1, 2 
1, 2 
19, 40 
1, 2 
1, 1 
4, 10 
1, 2 
1, 2 
3, 7 
5, 16 
2, 11 
1, 1 
1, 2 
4, 10 
3, 6 
1, 4 
1, 3 
1, 2 
1, 2 
1, 2 
1, 2 
1, 2 
1, 2 
1, 2 
1, 2 
1, 3 
11, 61 
11, 47 
5, 9 
4, 30 
1, 1 
2, 9 
1, 2 
5, 15 
2, 4 
1, 2 
6, 18 
1, 2 
1, 2 
1, 2 
1, 2 
1, 2 
1, 2 
1, 3 
1, 3 
1, 3 
1, 3 
1, 3 
1, 2 
1, 2 
1, 2 
2, 4 
4, 14 
1, 4 
1, 2 
4, 9 
2, 5 
2, 5 
2, 5 
2, 6 
2, 6 
2, 9 
1, 3 
1, 2 
1, 2 
1, 3 
3, 7 
1, 2 
1, 2 
1, 2 
1, 2 
6, 27 
2, 3 
3, 4 
3, 4 
1, 5 
2, 9 
20, 54 
2, 6 
2, 6 
2, 6 
4, 9 
1, 3 
2, 5 
7, 14 
1, 4 
1, 5 
2, 8 
1, 3 
4, 10 
1, 3 
1, 3 
3, 12 
8, 27 
1, 6 
2, 9 
1, 3 
1, 3 
1, 3 
2, 5 
2, 5 
1, 3 
4, 14 
4, 14 
2, 6 
8, 26 
1, 2 
1, 2 
1, 2 
1, 2 
1, 1 
1, 1 
1, 2 
1, 2 
4, 16 
1, 2 
1, 1 
2, 5 
2, 4 
1, 5 
2, 7 
1, 2 
1, 2 
1, 2 
1, 2 
1, 2 
1, 4 
1, 2 
1, 2 
1, 2 
1, 2 
1, 2 
1, 2 
1, 2 
1, 2 
1, 3 
2, 6 
1, 2 
1, 2 
1, 2 
2, 4 
1, 2 
1, 2 
2, 5 
1, 2 
1, 4 
1, 2 
1, 2 
1, 2 
1, 2 
1, 2 
1, 2 
1, 4 
1, 2 
1, 2 
2, 14 
2, 6 
1, 3 
1, 3 
3, 7 
4, 9 
1, 1 
1, 2 
1, 5 
1, 4 
1, 2 
2, 5 
1, 2 
9, 21 
3, 7 
2, 5 
1, 4 
1, 3 
1, 3 
1, 9 
1, 6 
2, 7 
1, 4 
2, 5 
3, 3 
1, 2 
7, 10 
53, 180 
1, 2 
1, 7 
12, 13 
1, 3 
1, 3 
3, 4 
4, 3 
9, 13 
2, 5 
2, 2 
1, 2 
12, 15 
18, 22 
8, 11 
1, 2 
1, 2 
1, 3 
1, 2 
1, 2 
1, 2 
17, 23 
22, 44 
5, 7 
15, 29 
4, 7 
11, 17 
5, 8 
116, 268 
4, 8 
2, 4 
2, 4 
1, 2 
3, 5 
1, 2 
3, 5 
57, 139 
13, 42 
1, 2 
32, 66 
12, 36 
2, 7 
4, 11 
17, 21 
1, 10 
1, 2 
1, 2 
1, 2 
1, 2 
9, 13 
17, 22 
2, 11 
1, 2 
1, 4 
1, 7 
4, 23 
7, 40 
6, 15 
5, 16 
4, 9 
1, 50 
1, 11 
1, 1 
1, 1 
3, 7 
1, 1 
1, 1 
1, 1 
3, 4 
1, 2 
8, 62 
3, 6 
3, 9 
1, 2 
1, 2 
1, 2 
1, 2 
1, 2 
1, 2 
1, 2 
1, 2 
1, 2 
1, 2 
1, 2 
1, 2 
1, 2 
1, 2 
1, 2 
3, 10 
23, 165 
1, 4 
1, 2 
4, 12 
3, 30 
3, 20 
3, 22 
1, 4 
1, 2 
1, 8 
16, 48 
59, 189 
9, 25 
4, 17 
3, 9 
11, 25 
4, 8 
3, 13 
14, 42 
2, 4 
1, 5 
2, 8 
2, 8 
16, 63 
4, 15 
3, 18 
1, 3 
4, 13 
3, 8 
26, 75 
6, 22 
1, 13 
13, 33 
6, 24 
1, 9 
1, 12 
5, 23 
6, 22 
1, 10 
5, 31 
70, 90 
1, 3 
1, 6 
1, 2 
3, 5 
1, 7 
5, 16 
11, 58 
6, 41 
3, 5 
8, 21 
