1, 3 
1, 3 
2, 5 
1, 3 
1, 3 
1, 3 
2, 7 
2, 4 
2, 33 
1, 5 
2, 9 
3, 15 
2, 16 
3, 16 
4, 29 
1, 9 
3, 20 
3, 25 
2, 13 
6, 22 
13, 48 
1, 6 
1, 6 
1, 3 
1, 7 
6, 21 
1, 3 
14, 51 
7, 36 
5, 22 
6, 30 
5, 19 
6, 26 
10, 26 
5, 18 
5, 18 
6, 20 
1, 3 
2, 7 
1, 3 
5, 19 
4, 16 
5, 16 
2, 10 
15, 52 
1, 5 
3, 10 
1, 3 
1, 3 
1, 4 
3, 9 
2, 7 
10, 23 
15, 33 
1, 5 
4, 11 
2, 7 
3, 9 
3, 7 
3, 5 
2, 4 
1, 3 
2, 5 
2, 5 
3, 11 
1, 3 
1, 3 
1, 3 
1, 6 
1, 3 
2, 4 
1, 2 
1, 3 
1, 6 
16, 59 
2, 4 
1, 3 
1, 12 
3, 8 
1, 4 
3, 9 
1, 3 
1, 2 
1, 2 
1, 2 
1, 4 
1, 3 
3, 6 
2, 4 
1, 3 
3, 13 
1, 3 
1, 3 
1, 3 
1, 4 
6, 17 
1, 4 
1, 3 
5, 16 
5, 18 
5, 18 
6, 19 
1, 8 
2, 67 
11, 25 
2, 8 
2, 4 
5, 10 
1, 2 
2, 4 
3, 8 
5, 24 
1, 3 
1, 3 
1, 4 
1, 3 
5, 16 
5, 12 
4, 10 
1, 4 
3, 16 
3, 39 
2, 19 
1, 5 
1, 27 
1, 27 
1, 8 
1, 11 
1, 8 
1, 11 
1, 12 
1, 11 
1, 14 
1, 16 
2, 27 
1, 17 
1, 15 
1, 14 
1, 17 
1, 5 
1, 5 
1, 5 
1, 3 
1, 3 
4, 8 
1, 7 
1, 3 
1, 8 
16, 41 
23, 61 
2, 7 
1, 2 
1, 4 
1, 5 
1, 4 
45, 135 
1, 3 
4, 14 
1, 2 
1, 6 
3, 11 
3, 11 
2, 4 
1, 3 
1, 3 
3, 11 
2, 17 
14, 79 
1, 6 
17, 61 
4, 34 
4, 42 
9, 35 
1, 3 
1, 3 
1, 6 
1, 6 
4, 13 
1, 3 
7, 45 
8, 43 
7, 44 
7, 35 
3, 12 
4, 16 
4, 16 
1, 3 
1, 4 
3, 10 
3, 12 
5, 30 
4, 19 
4, 11 
1, 3 
3, 7 
1, 3 
1, 3 
1, 3 
1, 3 
2, 7 
8, 88 
3, 9 
10, 57 
28, 112 
1, 6 
1, 3 
3, 8 
1, 8 
3, 11 
1, 3 
1, 3 
1, 6 
1, 13 
2, 12 
15, 36 
11, 23 
11, 29 
1, 3 
8, 15 
7, 20 
5, 16 
6, 14 
2, 4 
4, 13 
3, 8 
7, 19 
14, 35 
4, 12 
2, 6 
2, 6 
2, 10 
7, 19 
9, 24 
6, 18 
1, 2 
7, 11 
2, 8 
1, 2 
65, 100 
4, 13 
6, 15 
1, 10 
3, 18 
1, 3 
1, 3 
1, 3 
6, 15 
2, 8 
27, 84 
3, 9 
3, 10 
3, 8 
2, 4 
2, 4 
12, 35 
1, 4 
1, 4 
1, 3 
4, 22 
4, 16 
4, 23 
1, 6 
1, 20 
1, 9 
6, 23 
1, 3 
1, 6 
1, 6 
1, 31 
11, 44 
2, 4 
1, 2 
1, 2 
1, 3 
1, 3 
1, 3 
4, 16 
4, 19 
4, 15 
1, 3 
1, 3 
1, 3 
1, 3 
1, 3 
1, 3 
1, 3 
1, 3 
1, 3 
3, 5 
2, 5 
3, 5 
9, 27 
1, 5 
1, 6 
1, 4 
3, 7 
1, 3 
4, 10 
1, 3 
1, 3 
19, 26 
3, 7 
1, 8 
8, 15 
3, 9 
6, 19 
1, 5 
1, 2 
1, 2 
2, 5 
1, 3 
3, 5 
1, 3 
9, 14 
2, 5 
2, 5 
1, 5 
1, 44 
2, 8 
10, 45 
15, 69 
1, 5 
1, 6 
8, 14 
9, 26 
32, 94 
1, 3 
1, 3 
1, 3 
1, 3 
1, 6 
1, 6 
1, 6 
1, 5 
1, 6 
2, 13 
1, 3 
6, 9 
7, 36 
1, 3 
2, 11 
1, 4 
1, 4 
1, 3 
1, 3 
1, 3 
6, 22 
3, 11 
2, 10 
1, 2 
3, 9 
5, 38 
10, 74 
2, 6 
1, 5 
4, 15 
2, 6 
1, 3 
3, 15 
10, 21 
8, 13 
2, 5 
17, 84 
2, 5 
2, 9 
1, 3 
2, 6 
3, 10 
3, 11 
1, 3 
38, 111 
1, 3 
4, 15 
1, 3 
3, 22 
4, 25 
3, 21 
1, 3 
1, 4 
3, 9 
2, 7 
2, 4 
1, 5 
4, 6 
9, 18 
1, 5 
1, 4 
2, 8 
1, 4 
1, 9 
3, 11 
1, 3 
1, 3 
1, 5 
4, 8 
1, 3 
1, 3 
1, 6 
4, 8 
5, 19 
1, 3 
1, 3 
1, 3 
1, 3 
1, 3 
1, 4 
1, 3 
1, 3 
3, 28 
1, 10 
1, 3 
1, 3 
1, 7 
1, 3 
1, 7 
1, 11 
5, 14 
8, 44 
5, 13 
4, 10 
4, 8 
4, 8 
5, 13 
4, 7 
2, 4 
2, 4 
4, 11 
2, 6 
3, 21 
1, 4 
1, 3 
1, 3 
1, 4 
2, 4 
1, 24 
3, 7 
2, 15 
2, 19 
2, 6 
1, 4 
2, 4 
1, 6 
1, 5 
1, 4 
1, 5 
10, 30 
11, 51 
2, 10 
8, 13 
9, 15 
1, 2 
1, 2 
1, 2 
1, 2 
1, 2 
1, 2 
1, 3 
1, 3 
1, 3 
1, 3 
1, 5 
1, 3 
1, 3 
39, 111 
8, 19 
1, 8 
3, 12 
1, 3 
1, 3 
2, 8 
6, 18 
11, 20 
1, 3 
1, 3 
1, 3 
1, 3 
1, 3 
1, 6 
1, 3 
1, 6 
2, 4 
2, 4 
2, 5 
5, 7 
4, 7 
3, 5 
3, 5 
1, 3 
1, 7 
3, 5 
1, 3 
4, 8 
1, 3 
1, 3 
1, 3 
1, 3 
2, 4 
8, 20 
8, 20 
3, 7 
44, 134 
2, 13 
1, 8 
4, 21 
3, 8 
1, 3 
1, 3 
1, 3 
4, 11 
2, 8 
1, 3 
2, 7 
1, 3 
2, 5 
2, 5 
2, 7 
1, 15 
3, 7 
6, 37 
4, 30 
6, 22 
7, 23 
6, 22 
6, 24 
6, 22 
4, 19 
4, 19 
4, 19 
4, 19 
4, 19 
4, 19 
5, 18 
5, 40 
5, 41 
5, 19 
1, 3 
12, 33 
1, 3 
1, 6 
1, 6 
1, 6 
1, 6 
1, 6 
1, 6 
1, 2 
3, 9 
2, 7 
1, 3 
1, 3 
1, 3 
1, 2 
1, 3 
1, 3 
6, 25 
1, 3 
1, 3 
1, 3 
1, 3 
1, 3 
1, 17 
2, 7 
1, 3 
1, 3 
6, 25 
1, 3 
1, 3 
1, 3 
1, 7 
1, 3 
3, 8 
2, 7 
5, 20 
2, 9 
5, 16 
3, 11 
10, 37 
3, 10 
3, 13 
5, 29 
1, 3 
1, 3 
5, 53 
2, 7 
2, 7 
11, 24 
3, 9 
2, 14 
4, 22 
2, 7 
1, 3 
1, 3 
2, 22 
1, 2 
1, 2 
1, 2 
1, 6 
2, 5 
3, 13 
4, 21 
15, 66 
5, 19 
4, 11 
2, 14 
10, 53 
14, 55 
1, 10 
1, 3 
1, 3 
1, 3 
16, 29 
10, 18 
2, 29 
4, 13 
4, 13 
1, 5 
6, 34 
6, 33 
1, 7 
1, 3 
2, 19 
1, 7 
1, 6 
1, 6 
1, 4 
1, 3 
1, 3 
1, 5 
1, 5 
1, 5 
1, 5 
4, 25 
3, 17 
3, 16 
4, 15 
5, 17 
6, 53 
11, 30 
1, 2 
1, 2 
1, 2 
1, 3 
2, 4 
1, 3 
7, 15 
2, 18 
4, 41 
2, 11 
2, 8 
2, 5 
2, 5 
1, 6 
1, 6 
2, 4 
2, 4 
2, 4 
1, 2 
1, 3 
1, 3 
8, 32 
7, 26 
7, 28 
7, 25 
4, 14 
4, 19 
4, 22 
15, 43 
9, 32 
6, 27 
1, 3 
1, 3 
1, 3 
1, 3 
1, 3 
1, 12 
1, 3 
1, 3 
1, 3 
1, 5 
1, 3 
1, 3 
1, 3 
1, 5 
1, 6 
1, 6 
1, 5 
1, 3 
1, 3 
1, 5 
1, 3 
1, 3 
1, 3 
10, 48 
1, 3 
1, 4 
1, 4 
5, 20 
6, 36 
6, 35 
7, 29 
5, 22 
1, 4 
3, 10 
1, 2 
2, 10 
2, 10 
7, 18 
5, 14 
6, 39 
5, 8 
2, 9 
4, 29 
2, 4 
1, 40 
1, 12 
2, 4 
7, 38 
1, 5 
3, 14 
1, 3 
3, 14 
8, 38 
2, 7 
2, 13 
7, 37 
2, 6 
1, 3 
1, 3 
16, 52 
1, 3 
1, 3 
1, 3 
2, 4 
2, 4 
2, 6 
1, 6 
1, 7 
1, 7 
2, 4 
3, 76 
1, 2 
2, 4 
10, 49 
1, 3 
1, 4 
9, 22 
4, 12 
1, 4 
1, 5 
13, 64 
1, 6 
2, 13 
1, 10 
3, 19 
2, 6 
10, 17 
3, 13 
1, 5 
1, 10 
3, 19 
1, 4 
7, 34 
1, 3 
1, 4 
3, 26 
3, 13 
1, 3 
4, 22 
1, 9 
1, 6 
1, 3 
3, 12 
1, 3 
1, 3 
1, 4 
1, 3 
1, 6 
1, 3 
3, 7 
6, 29 
4, 11 
1, 6 
1, 5 
1, 5 
6, 24 
1, 3 
11, 27 
11, 26 
2, 9 
6, 22 
15, 50 
1, 3 
1, 3 
1, 3 
1, 3 
1, 5 
7, 7 
1, 5 
1, 16 
1, 4 
1, 5 
7, 7 
2, 7 
1, 4 
2, 8 
1, 5 
5, 40 
2, 6 
2, 4 
1, 2 
7, 30 
18, 100 
6, 20 
7, 28 
9, 31 
1, 3 
2, 7 
5, 28 
1, 3 
1, 3 
4, 10 
1, 3 
1, 14 
1, 3 
2, 5 
11, 23 
13, 67 
2, 10 
1, 3 
2, 42 
1, 3 
3, 41 
3, 11 
1, 3 
3, 41 
5, 10 
2, 9 
1, 2 
1, 6 
2, 7 
1, 2 
1, 3 
2, 4 
1, 3 
5, 27 
1, 2 
1, 2 
2, 4 
1, 3 
2, 48 
1, 2 
4, 18 
2, 23 
6, 5 
1, 7 
6, 6 
3, 17 
1, 3 
11, 77 
1, 3 
4, 16 
6, 19 
4, 13 
2, 71 
5, 23 
7, 46 
5, 33 
5, 28 
5, 30 
5, 23 
22, 56 
6, 60 
5, 23 
5, 61 
5, 28 
5, 39 
6, 54 
5, 33 
5, 23 
5, 35 
5, 23 
5, 31 
5, 37 
5, 29 
5, 30 
6, 36 
21, 65 
5, 39 
2, 4 
1, 3 
2, 5 
2, 5 
2, 5 
1, 6 
4, 19 
1, 3 
1, 3 
1, 3 
1, 3 
5, 13 
2, 8 
1, 6 
4, 19 
8, 29 
5, 18 
5, 21 
5, 21 
6, 21 
5, 22 
5, 29 
3, 5 
2, 4 
1, 3 
2, 5 
2, 5 
2, 5 
1, 6 
1, 3 
5, 20 
30, 70 
1, 20 
1, 20 
4, 10 
1, 4 
1, 3 
1, 11 
6, 12 
1, 3 
1, 3 
1, 3 
5, 13 
5, 16 
1, 6 
1, 3 
1, 3 
1, 7 
1, 3 
1, 10 
1, 10 
1, 3 
1, 3 
1, 3 
140, 458 
10, 41 
6, 18 
19, 83 
8, 15 
1, 3 
1, 6 
20, 53 
54, 157 
26, 65 
19, 56 
3, 11 
5, 22 
10, 26 
1, 2 
4, 20 
5, 47 
5, 16 
1, 2 
2, 4 
2, 4 
26, 66 
19, 42 
11, 30 
9, 24 
2, 7 
1, 2 
14, 30 
9, 15 
6, 19 
30, 70 
1, 20 
2, 5 
2, 8 
7, 22 
1, 3 
1, 3 
7, 39 
7, 40 
2, 9 
2, 14 
1, 3 
1, 3 
1, 3 
1, 3 
1, 3 
1, 3 
1, 3 
2, 8 
2, 7 
1, 3 
1, 5 
1, 3 
1, 3 
1, 3 
2, 4 
1, 3 
2, 11 
3, 8 
4, 10 
1, 5 
2, 8 
58, 273 
19, 66 
6, 35 
5, 23 
3, 16 
2, 5 
1, 4 
1, 5 
4, 13 
2, 13 
6, 19 
14, 34 
5, 18 
1, 9 
2, 8 
5, 21 
2, 6 
9, 64 
9, 65 
6, 50 
6, 47 
4, 24 
3, 12 
2, 9 
2, 10 
9, 30 
14, 52 
13, 37 
3, 16 
4, 34 
1, 5 
1, 3 
1, 3 
1, 3 
3, 5 
2, 5 
2, 5 
2, 5 
2, 5 
1, 9 
1, 8 
1, 3 
1, 3 
1, 3 
2, 57 
1, 17 
1, 3 
3, 10 
6, 14 
1, 9 
8, 31 
5, 15 
4, 11 
3, 7 
4, 8 
1, 2 
1, 3 
3, 7 
1, 4 
1, 3 
9, 24 
2, 4 
6, 22 
2, 10 
2, 16 
4, 16 
12, 54 
3, 13 
2, 4 
11, 28 
8, 18 
1, 5 
1, 3 
1, 3 
1, 3 
1, 3 
1, 3 
1, 3 
1, 3 
4, 41 
1, 6 
1, 16 
15, 36 
16, 41 
1, 3 
14, 38 
3, 8 
4, 8 
9, 20 
27, 69 
21, 30 
4, 11 
1, 3 
2, 6 
3, 14 
3, 16 
23, 60 
1, 2 
4, 5 
8, 19 
2, 8 
1, 2 
1, 2 
1, 3 
1, 3 
1, 3 
1, 3 
1, 3 
1, 3 
6, 29 
5, 17 
1, 6 
3, 11 
14, 29 
16, 77 
2, 7 
14, 30 
9, 30 
9, 33 
11, 65 
3, 10 
1, 3 
1, 3 
4, 22 
7, 18 
7, 17 
1, 2 
1, 3 
1, 3 
1, 3 
1, 5 
1, 4 
1, 3 
1, 11 
3, 10 
1, 5 
1, 6 
1, 7 
1, 3 
1, 3 
1, 6 
1, 6 
1, 6 
1, 6 
1, 6 
1, 6 
1, 6 
1, 6 
1, 6 
1, 8 
1, 20 
1, 3 
4, 10 
3, 11 
5, 14 
1, 3 
1, 3 
1, 3 
1, 3 
1, 5 
1, 3 
1, 3 
1, 3 
1, 3 
1, 3 
1, 5 
1, 3 
1, 5 
1, 3 
1, 5 
1, 3 
1, 5 
1, 3 
1, 5 
1, 3 
1, 5 
1, 3 
1, 3 
1, 5 
1, 3 
1, 7 
1, 6 
3, 6 
1, 2 
10, 16 
25, 66 
1, 3 
1, 3 
1, 3 
2, 4 
2, 6 
4, 11 
6, 80 
6, 27 
3, 7 
3, 13 
1, 8 
1, 3 
1, 3 
1, 3 
1, 4 
1, 90 
6, 31 
1, 8 
1, 6 
1, 3 
1, 2 
3, 7 
3, 7 
3, 13 
1, 8 
1, 16 
1, 3 
1, 7 
2, 56 
20, 39 
7, 8 
1, 3 
54, 216 
28, 76 
16, 24 
3, 12 
6, 13 
7, 22 
1, 3 
1, 3 
5, 18 
4, 8 
5, 21 
8, 33 
5, 36 
1, 3 
1, 3 
1, 3 
1, 3 
2, 4 
1, 3 
1, 3 
1, 3 
1, 3 
1, 3 
1, 3 
1, 3 
1, 3 
1, 3 
1, 2 
1, 2 
1, 8 
4, 23 
1, 15 
2, 4 
2, 122 
1, 8 
1, 4 
1, 4 
1, 5 
3, 8 
2, 8 
4, 11 
7, 27 
1, 2 
1, 3 
2, 5 
1, 3 
1, 3 
1, 3 
1, 6 
1, 3 
1, 2 
1, 2 
2, 12 
1, 3 
2, 7 
2, 7 
2, 7 
2, 5 
2, 10 
12, 30 
2, 10 
7, 16 
6, 20 
9, 21 
2, 4 
3, 6 
3, 19 
5, 30 
1, 3 
3, 35 
5, 18 
1, 5 
19, 65 
10, 19 
5, 27 
4, 9 
1, 11 
1, 58 
1, 2 
1, 3 
1, 3 
5, 11 
1, 2 
1, 2 
1, 2 
6, 16 
1, 2 
1, 2 
1, 2 
1, 2 
1, 2 
5, 16 
2, 4 
1, 3 
1, 3 
2, 5 
2, 5 
2, 7 
1, 2 
5, 11 
1, 4 
1, 4 
1, 3 
1, 2 
1, 2 
1, 2 
1, 2 
2, 6 
1, 2 
1, 2 
1, 2 
1, 2 
1, 3 
3, 9 
1, 3 
5, 16 
15, 54 
1, 4 
1, 5 
2, 9 
6, 25 
3, 9 
4, 9 
5, 12 
3, 8 
4, 21 
3, 22 
1, 5 
1, 5 
1, 24 
1, 3 
1, 3 
2, 7 
1, 5 
1, 5 
3, 10 
3, 10 
2, 8 
4, 22 
1, 6 
2, 28 
5, 11 
1, 3 
1, 6 
5, 14 
7, 60 
1, 3 
2, 42 
3, 11 
11, 23 
13, 68 
1, 3 
3, 41 
3, 11 
3, 41 
2, 4 
1, 3 
8, 25 
8, 25 
8, 25 
8, 25 
2, 4 
1, 2 
1, 3 
1, 3 
1, 3 
1, 6 
1, 3 
3, 9 
5, 15 
3, 7 
2, 7 
2, 8 
1, 3 
1, 4 
1, 3 
1, 2 
1, 2 
1, 3 
4, 21 
21, 103 
43, 194 
13, 59 
2, 6 
7, 23 
9, 26 
1, 5 
8, 31 
2, 12 
1, 3 
4, 22 
4, 14 
3, 11 
9, 15 
1, 2 
1, 2 
1, 2 
1, 4 
1, 3 
1, 3 
1, 6 
1, 3 
4, 15 
4, 19 
2, 10 
2, 12 
2, 10 
3, 19 
1, 3 
2, 5 
2, 5 
1, 3 
2, 5 
2, 5 
2, 6 
2, 10 
2, 5 
2, 13 
1, 2 
1, 2 
1, 2 
1, 5 
3, 14 
1, 5 
3, 14 
3, 16 
1, 4 
10, 33 
1, 3 
1, 5 
2, 4 
2, 4 
1, 3 
1, 4 
11, 34 
1, 3 
2, 4 
1, 3 
14, 53 
4, 13 
3, 11 
5, 14 
9, 15 
3, 8 
4, 18 
2, 5 
3, 21 
4, 21 
2, 14 
1, 3 
8, 23 
3, 17 
2, 8 
4, 19 
4, 19 
4, 19 
10, 40 
1, 5 
1, 3 
2, 11 
2, 13 
1, 5 
8, 60 
9, 41 
1, 6 
1, 6 
1, 54 
3, 11 
9, 20 
11, 61 
10, 31 
4, 18 
1, 3 
2, 4 
2, 4 
9, 23 
5, 13 
3, 10 
9, 23 
9, 22 
9, 22 
9, 24 
1, 8 
1, 2 
1, 2 
1, 3 
1, 3 
2, 14 
1, 8 
1, 7 
2, 4 
2, 4 
5, 44 
1, 13 
9, 21 
5, 20 
2, 9 
2, 6 
12, 81 
2, 6 
1, 6 
2, 14 
3, 16 
1, 6 
2, 11 
1, 40 
9, 11 
2, 12 
10, 118 
1, 68 
3, 16 
2, 5 
4, 21 
2, 5 
3, 5 
4, 21 
1, 17 
2, 41 
1, 3 
1, 3 
1, 3 
2, 5 
1, 11 
1, 4 
1, 3 
1, 2 
2, 18 
2, 17 
4, 12 
1, 3 
1, 4 
3, 14 
2, 4 
2, 4 
1, 3 
1, 3 
1, 3 
2, 21 
10, 212 
3, 4 
3, 4 
57, 148 
3, 17 
5, 13 
7, 34 
5, 13 
4, 19 
1, 3 
3, 8 
3, 8 
4, 8 
4, 8 
4, 8 
4, 8 
2, 10 
2, 4 
4, 8 
2, 7 
3, 11 
6, 12 
15, 32 
5, 10 
3, 10 
4, 25 
3, 9 
1, 3 
1, 5 
2, 7 
1, 3 
1, 3 
1, 6 
3, 10 
2, 6 
2, 6 
1, 3 
2, 8 
3, 7 
5, 10 
4, 10 
11, 25 
1, 8 
1, 3 
12, 70 
2, 13 
2, 20 
1, 3 
2, 5 
4, 10 
1, 2 
1, 2 
1, 2 
1, 2 
1, 2 
1, 3 
2, 4 
4, 13 
7, 18 
1, 3 
1, 3 
1, 3 
5, 13 
1, 3 
1, 3 
1, 3 
1, 3 
1, 3 
1, 3 
1, 3 
1, 5 
1, 4 
3, 10 
1, 3 
1, 6 
4, 23 
1, 3 
4, 26 
7, 14 
1, 2 
8, 20 
1, 3 
3, 5 
2, 4 
1, 3 
6, 15 
1, 5 
1, 5 
1, 3 
1, 3 
3, 5 
1, 6 
1, 43 
2, 4 
10, 31 
10, 31 
10, 31 
10, 31 
10, 31 
2, 4 
2, 4 
27, 113 
1, 2 
1, 3 
1, 3 
1, 3 
1, 3 
1, 3 
1, 8 
1, 11 
1, 3 
1, 8 
1, 11 
1, 3 
1, 3 
10, 20 
18, 47 
1, 9 
1, 3 
1, 3 
1, 8 
2, 6 
6, 26 
2, 10 
7, 69 
3, 70 
2, 9 
6, 25 
1, 7 
6, 25 
2, 15 
2, 10 
8, 59 
5, 18 
3, 13 
12, 79 
3, 9 
6, 19 
6, 19 
5, 16 
1, 8 
2, 6 
1, 6 
1, 6 
1, 5 
1, 5 
2, 6 
1, 3 
1, 4 
1, 5 
1, 8 
1, 3 
1, 3 
13, 33 
11, 47 
1, 3 
1, 4 
1, 21 
2, 6 
2, 6 
1, 4 
11, 30 
2, 7 
2, 4 
4, 7 
4, 7 
4, 11 
3, 7 
3, 14 
4, 16 
4, 16 
1, 7 
2, 24 
1, 3 
1, 5 
1, 3 
1, 13 
4, 10 
1, 7 
1, 3 
2, 4 
2, 6 
1, 4 
2, 9 
1, 5 
3, 7 
3, 7 
5, 31 
1, 5 
1, 5 
1, 3 
6, 22 
2, 8 
1, 6 
1, 9 
1, 9 
1, 5 
5, 24 
15, 33 
2, 6 
2, 4 
8, 40 
8, 41 
1, 3 
1, 3 
1, 3 
6, 12 
1, 2 
4, 8 
1, 3 
1, 3 
1, 3 
1, 3 
1, 3 
1, 3 
1, 3 
1, 3 
2, 6 
1, 12 
1, 66 
2, 7 
3, 16 
1, 3 
1, 3 
2, 6 
3, 13 
7, 44 
1, 4 
12, 78 
7, 24 
6, 21 
6, 21 
6, 21 
5, 21 
5, 21 
5, 23 
5, 23 
5, 23 
3, 9 
3, 10 
3, 11 
3, 11 
1, 3 
2, 9 
2, 5 
6, 23 
1, 3 
1, 12 
1, 11 
2, 15 
14, 36 
5, 25 
5, 25 
2, 6 
4, 10 
1, 14 
1, 3 
3, 15 
1, 11 
4, 9 
1, 2 
2, 4 
5, 27 
8, 58 
5, 31 
6, 18 
5, 17 
6, 28 
6, 18 
7, 19 
7, 20 
13, 40 
6, 21 
4, 19 
4, 19 
4, 19 
4, 19 
4, 19 
4, 19 
4, 19 
4, 19 
4, 19 
2, 7 
3, 12 
11, 59 
5, 29 
5, 26 
7, 24 
5, 18 
5, 20 
5, 18 
6, 24 
5, 18 
5, 19 
4, 8 
5, 14 
1, 4 
1, 3 
2, 7 
6, 23 
7, 27 
1, 6 
11, 16 
1, 2 
1, 2 
1, 5 
3, 10 
8, 20 
3, 5 
2, 4 
1, 3 
2, 5 
2, 5 
2, 5 
6, 12 
2, 3 
1, 3 
1, 3 
1, 3 
1, 3 
1, 4 
1, 3 
1, 3 
4, 7 
1, 3 
2, 8 
1, 3 
1, 3 
2, 9 
1, 3 
1, 3 
2, 8 
1, 3 
1, 3 
2, 8 
1, 3 
1, 6 
2, 8 
2, 11 
5, 10 
1, 3 
1, 3 
2, 5 
1, 3 
5, 12 
1, 15 
2, 9 
19, 52 
18, 47 
4, 11 
1, 2 
1, 3 
1, 6 
1, 6 
1, 6 
1, 6 
1, 6 
1, 5 
1, 4 
1, 4 
1, 4 
1, 3 
1, 4 
1, 3 
1, 3 
1, 3 
2, 6 
1, 11 
2, 7 
1, 3 
1, 3 
3, 7 
1, 4 
1, 3 
1, 3 
1, 3 
1, 4 
2, 8 
1, 3 
1, 3 
1, 6 
1, 12 
1, 3 
5, 21 
2, 5 
1, 3 
11, 35 
8, 31 
1, 4 
1, 5 
1, 3 
1, 3 
1, 2 
1, 2 
1, 3 
1, 2 
1, 2 
3, 19 
1, 3 
1, 3 
3, 8 
1, 3 
1, 5 
1, 3 
1, 3 
1, 6 
1, 4 
1, 3 
2, 5 
1, 3 
2, 5 
1, 3 
1, 3 
1, 3 
1, 2 
1, 3 
2, 6 
4, 6 
1, 2 
1, 2 
1, 2 
1, 2 
1, 2 
5, 24 
2, 7 
1, 4 
3, 17 
1, 5 
3, 10 
15, 40 
28, 118 
1, 3 
1, 18 
1, 7 
1, 7 
1, 3 
9, 34 
11, 58 
2, 6 
5, 12 
8, 19 
11, 24 
13, 49 
4, 10 
5, 24 
2, 7 
3, 17 
2, 11 
1, 14 
1, 5 
39, 181 
9, 42 
1, 3 
2, 14 
5, 45 
13, 131 
15, 64 
3, 8 
4, 50 
3, 48 
3, 39 
3, 47 
1, 43 
4, 32 
4, 12 
1, 4 
1, 3 
1, 3 
1, 3 
3, 12 
6, 24 
6, 24 
4, 14 
5, 16 
4, 17 
1, 7 
2, 8 
2, 8 
3, 14 
1, 3 
1, 3 
1, 3 
12, 27 
5, 4 
4, 5 
2, 3 
2, 3 
31, 93 
1, 3 
1, 3 
2, 22 
3, 11 
5, 76 
1, 50 
2, 11 
4, 52 
1, 39 
2, 64 
3, 14 
13, 63 
2, 10 
3, 8 
1, 17 
1, 3 
1, 3 
1, 3 
1, 17 
11, 20 
4, 9 
4, 12 
1, 3 
1, 11 
1, 2 
1, 2 
1, 3 
1, 3 
11, 38 
8, 30 
2, 12 
4, 21 
7, 19 
2, 7 
10, 36 
7, 24 
6, 26 
6, 13 
5, 11 
3, 8 
2, 5 
1, 3 
1, 3 
1, 3 
1, 3 
1, 5 
1, 3 
1, 2 
1, 9 
1, 3 
1, 3 
1, 5 
1, 3 
3, 14 
11, 70 
12, 41 
1, 5 
1, 14 
1, 15 
1, 3 
1, 3 
2, 5 
1, 3 
1, 2 
1, 2 
1, 2 
1, 2 
1, 2 
2, 6 
2, 6 
1, 2 
1, 2 
1, 2 
1, 2 
1, 2 
1, 3 
1, 3 
1, 2 
1, 3 
1, 3 
1, 3 
1, 3 
1, 3 
1, 3 
2, 4 
1, 3 
1, 3 
1, 3 
1, 3 
1, 3 
1, 3 
1, 3 
1, 3 
6, 30 
1, 4 
1, 5 
1, 3 
1, 7 
1, 6 
8, 34 
3, 22 
3, 6 
3, 8 
3, 50 
1, 44 
3, 6 
1, 3 
6, 21 
1, 8 
1, 3 
1, 3 
1, 3 
1, 3 
1, 3 
1, 3 
1, 3 
1, 2 
1, 2 
1, 3 
2, 30 
1, 26 
3, 4 
3, 15 
1, 3 
1, 2 
1, 2 
2, 4 
2, 7 
4, 17 
1, 13 
1, 4 
1, 4 
2, 8 
8, 16 
1, 8 
2, 10 
5, 22 
3, 13 
4, 12 
1, 2 
4, 25 
6, 31 
1, 3 
1, 3 
5, 14 
1, 3 
1, 2 
2, 19 
15, 48 
1, 3 
1, 3 
1, 3 
1, 19 
1, 3 
1, 3 
2, 9 
4, 7 
9, 18 
1, 2 
1, 3 
14, 47 
1, 3 
2, 7 
6, 54 
1, 36 
3, 6 
5, 26 
1, 3 
2, 4 
12, 55 
10, 52 
16, 70 
2, 6 
1, 7 
4, 23 
4, 12 
26, 74 
20, 62 
2, 8 
12, 57 
7, 40 
5, 29 
5, 22 
3, 12 
1, 3 
4, 11 
2, 7 
2, 7 
1, 8 
1, 6 
1, 8 
10, 28 
1, 10 
1, 3 
1, 3 
1, 7 
1, 3 
1, 3 
4, 7 
9, 18 
1, 2 
1, 3 
14, 47 
1, 3 
2, 5 
1, 2 
1, 2 
1, 3 
1, 3 
15, 51 
1, 2 
1, 2 
17, 68 
4, 7 
4, 5 
4, 12 
1, 3 
9, 23 
14, 17 
6, 11 
1, 3 
5, 27 
5, 19 
7, 22 
4, 22 
4, 12 
1, 2 
1, 2 
1, 6 
1, 6 
6, 17 
6, 91 
3, 11 
21, 54 
2, 4 
7, 24 
6, 20 
3, 9 
4, 12 
2, 16 
8, 17 
1, 2 
1, 3 
1, 3 
1, 6 
2, 5 
1, 13 
5, 15 
7, 22 
2, 7 
3, 6 
3, 6 
1, 2 
1, 3 
1, 3 
1, 2 
1, 4 
1, 3 
1, 3 
1, 3 
1, 8 
1, 3 
11, 38 
6, 28 
1, 4 
1, 3 
1, 3 
12, 42 
9, 28 
10, 34 
5, 17 
5, 19 
10, 33 
5, 17 
1, 8 
4, 145 
5, 50 
37, 96 
13, 28 
15, 26 
2, 8 
8, 24 
2, 5 
1, 2 
2, 4 
2, 4 
3, 7 
2, 4 
1, 3 
1, 3 
6, 9 
6, 9 
1, 13 
1, 10 
1, 3 
1, 3 
1, 3 
1, 2 
1, 3 
1, 8 
1, 3 
1, 3 
1, 3 
1, 3 
1, 3 
1, 3 
1, 3 
1, 2 
1, 4 
1, 3 
1, 3 
2, 5 
2, 5 
1, 3 
1, 6 
1, 9 
1, 6 
1, 7 
1, 7 
1, 3 
1, 3 
1, 3 
1, 2 
1, 3 
6, 28 
1, 3 
1, 4 
3, 15 
1, 49 
2, 6 
1, 6 
1, 8 
1, 8 
1, 2 
3, 8 
4, 8 
2, 8 
1, 4 
6, 28 
1, 3 
1, 12 
1, 3 
1, 3 
1, 3 
2, 5 
1, 3 
3, 23 
6, 27 
3, 12 
1, 5 
1, 3 
1, 3 
1, 3 
3, 8 
1, 3 
3, 8 
3, 29 
4, 8 
1, 4 
2, 6 
2, 6 
1, 3 
1, 2 
17, 79 
10, 68 
30, 167 
1, 4 
1, 3 
4, 18 
2, 62 
1, 36 
18, 56 
3, 20 
3, 20 
3, 21 
3, 20 
3, 20 
3, 20 
3, 20 
3, 20 
3, 20 
3, 20 
3, 20 
1, 3 
1, 3 
2, 6 
1, 3 
1, 6 
1, 6 
1, 6 
1, 6 
1, 6 
1, 6 
1, 3 
1, 7 
1, 2 
3, 71 
4, 16 
5, 38 
7, 44 
4, 22 
4, 16 
4, 50 
4, 16 
4, 54 
4, 22 
4, 32 
4, 18 
4, 26 
4, 18 
4, 16 
4, 16 
4, 24 
4, 16 
4, 30 
4, 18 
4, 20 
4, 32 
4, 26 
4, 32 
1, 3 
1, 3 
1, 3 
3, 5 
2, 4 
2, 5 
2, 5 
2, 5 
2, 5 
5, 10 
7, 21 
3, 8 
8, 31 
1, 3 
1, 2 
2, 142 
3, 10 
6, 14 
1, 9 
4, 11 
1, 2 
1, 2 
1, 4 
1, 5 
1, 3 
1, 3 
1, 3 
1, 3 
1, 6 
1, 6 
1, 8 
18, 91 
1, 3 
7, 20 
2, 8 
1, 3 
7, 61 
5, 35 
2, 14 
1, 8 
1, 3 
1, 3 
2, 10 
1, 3 
1, 7 
1, 7 
1, 7 
1, 7 
1, 7 
4, 12 
1, 3 
1, 3 
3, 12 
3, 12 
1, 3 
4, 31 
1, 3 
1, 5 
1, 3 
27, 170 
3, 13 
8, 32 
11, 78 
3, 16 
3, 31 
2, 10 
4, 42 
15, 111 
7, 57 
4, 26 
10, 56 
6, 31 
6, 31 
4, 21 
4, 19 
1, 2 
3, 13 
2, 8 
2, 8 
2, 8 
1, 3 
1, 3 
1, 4 
3, 7 
3, 7 
1, 3 
1, 3 
2, 4 
2, 8 
2, 4 
5, 11 
5, 16 
3, 22 
3, 12 
2, 5 
4, 11 
5, 10 
7, 11 
1, 2 
4, 9 
1, 2 
3, 5 
2, 4 
2, 5 
2, 5 
2, 5 
2, 5 
1, 6 
5, 27 
2, 5 
2, 8 
2, 38 
8, 59 
3, 9 
3, 15 
1, 6 
1, 6 
4, 55 
24, 60 
4, 12 
2, 27 
2, 11 
4, 9 
2, 5 
5, 37 
5, 44 
1, 6 
3, 16 
3, 12 
16, 293 
1, 9 
1, 9 
4, 28 
12, 58 
18, 73 
2, 11 
14, 72 
1, 3 
1, 3 
4, 9 
2, 6 
2, 5 
5, 37 
5, 44 
8, 13 
14, 52 
3, 16 
9, 28 
1, 4 
1, 4 
3, 10 
1, 3 
1, 3 
1, 3 
6, 14 
1, 3 
1, 8 
1, 6 
4, 10 
4, 10 
1, 4 
6, 19 
3, 11 
3, 9 
4, 14 
1, 4 
2, 7 
1, 4 
1, 2 
2, 9 
2, 4 
1, 3 
2, 5 
2, 5 
2, 5 
2, 5 
2, 4 
1, 9 
4, 13 
4, 11 
3, 7 
5, 14 
6, 7 
4, 10 
4, 12 
20, 73 
5, 20 
1, 8 
3, 12 
3, 15 
15, 35 
3, 8 
1, 5 
3, 114 
12, 30 
20, 84 
9, 29 
15, 75 
20, 77 
12, 42 
1, 12 
6, 35 
17, 80 
6, 19 
7, 21 
1, 3 
2, 7 
2, 4 
1, 6 
1, 6 
1, 5 
1, 4 
6, 21 
4, 23 
4, 22 
4, 19 
1, 6 
1, 3 
5, 14 
4, 16 
1, 5 
1, 3 
1, 3 
24, 57 
12, 19 
1, 3 
4, 14 
3, 9 
1, 9 
2, 5 
4, 33 
21, 55 
2, 6 
5, 26 
6, 53 
9, 20 
1, 2 
1, 2 
8, 16 
8, 15 
3, 9 
6, 26 
43, 234 
2, 9 
4, 11 
4, 13 
4, 13 
1, 2 
2, 7 
3, 12 
1, 3 
1, 3 
1, 4 
2, 5 
2, 8 
1, 3 
1, 4 
4, 20 
1, 14 
4, 20 
1, 4 
1, 4 
7, 15 
2, 8 
2, 10 
2, 8 
6, 22 
13, 130 
1, 4 
8, 26 
1, 2 
6, 13 
1, 3 
1, 3 
1, 3 
1, 3 
1, 6 
1, 2 
1, 7 
4, 18 
1, 3 
1, 3 
1, 3 
1, 3 
1, 3 
1, 3 
1, 3 
1, 3 
2, 11 
2, 5 
1, 3 
1, 3 
1, 3 
1, 3 
1, 3 
1, 3 
1, 3 
1, 3 
1, 3 
1, 3 
1, 3 
1, 3 
1, 3 
1, 3 
1, 3 
1, 3 
1, 3 
1, 3 
1, 3 
1, 3 
1, 3 
4, 16 
3, 9 
2, 4 
1, 3 
1, 3 
1, 4 
1, 3 
1, 3 
1, 3 
1, 3 
1, 3 
4, 16 
1, 3 
1, 3 
1, 3 
3, 24 
1, 2 
1, 11 
6, 28 
26, 91 
34, 113 
34, 110 
21, 45 
6, 7 
16, 86 
3, 15 
3, 18 
1, 3 
1, 3 
1, 3 
1, 4 
1, 4 
1, 4 
1, 3 
2, 14 
1, 2 
2, 11 
4, 17 
1, 3 
2, 8 
1, 6 
1, 3 
1, 2 
1, 2 
1, 2 
1, 2 
2, 5 
2, 7 
3, 13 
2, 9 
4, 14 
8, 37 
1, 3 
1, 14 
1, 3 
1, 3 
1, 5 
1, 3 
3, 13 
7, 23 
7, 30 
3, 7 
4, 17 
7, 19 
5, 26 
9, 53 
34, 127 
1, 3 
1, 6 
14, 42 
12, 36 
3, 12 
5, 23 
3, 8 
3, 10 
1, 6 
3, 7 
1, 6 
1, 6 
4, 11 
3, 7 
2, 9 
2, 11 
1, 3 
1, 7 
4, 15 
2, 6 
2, 5 
13, 53 
5, 15 
4, 13 
3, 16 
1, 3 
1, 3 
2, 6 
2, 4 
1, 12 
2, 26 
1, 3 
1, 3 
1, 3 
6, 24 
1, 6 
8, 24 
1, 2 
1, 6 
1, 5 
7, 25 
7, 19 
4, 15 
4, 17 
4, 15 
4, 14 
1, 5 
1, 3 
2, 7 
5, 13 
1, 4 
1, 2 
1, 3 
1, 6 
3, 5 
5, 14 
3, 5 
5, 14 
13, 114 
4, 17 
2, 5 
3, 14 
9, 23 
3, 14 
9, 24 
11, 74 
1, 4 
1, 5 
1, 3 
2, 7 
1, 2 
1, 3 
1, 3 
11, 16 
18, 60 
16, 53 
33, 83 
16, 53 
16, 53 
1, 2 
38, 149 
1, 3 
1, 3 
1, 3 
1, 3 
14, 49 
6, 20 
11, 23 
1, 3 
1, 16 
2, 115 
4, 9 
3, 6 
1, 4 
4, 22 
1, 3 
1, 24 
1, 5 
1, 7 
2, 8 
1, 2 
1, 2 
2, 4 
2, 4 
9, 45 
2, 8 
1, 3 
4, 21 
1, 4 
1, 4 
4, 22 
1, 3 
1, 3 
1, 3 
1, 3 
4, 8 
2, 6 
1, 2 
4, 28 
1, 4 
1, 3 
1, 3 
1, 3 
4, 8 
1, 4 
1, 3 
1, 7 
1, 11 
2, 7 
2, 10 
1, 3 
2, 6 
1, 3 
3, 14 
3, 13 
1, 6 
3, 13 
1, 3 
1, 5 
1, 4 
2, 8 
1, 7 
2, 5 
3, 9 
1, 2 
3, 18 
4, 28 
1, 9 
1, 3 
1, 3 
1, 3 
1, 3 
1, 3 
1, 3 
1, 3 
1, 3 
1, 3 
3, 7 
1, 3 
5, 9 
4, 8 
2, 6 
6, 14 
1, 4 
1, 4 
1, 3 
1, 5 
1, 2 
1, 4 
1, 4 
1, 4 
1, 11 
3, 7 
4, 14 
3, 8 
1, 3 
1, 3 
5, 16 
2, 8 
5, 16 
2, 8 
1, 3 
5, 16 
2, 8 
5, 16 
5, 16 
1, 3 
9, 19 
2, 7 
1, 3 
5, 17 
3, 11 
5, 16 
1, 3 
1, 3 
1, 3 
9, 28 
6, 13 
7, 20 
1, 3 
1, 3 
1, 3 
7, 21 
2, 9 
5, 17 
7, 17 
1, 3 
6, 18 
8, 23 
1, 3 
6, 17 
1, 3 
1, 4 
1, 3 
1, 3 
1, 3 
3, 9 
3, 11 
5, 26 
5, 58 
1, 3 
1, 3 
1, 3 
1, 3 
2, 5 
2, 5 
7, 30 
14, 41 
20, 69 
3, 6 
2, 7 
8, 29 
1, 3 
1, 3 
3, 5 
2, 4 
1, 3 
2, 5 
2, 5 
2, 5 
2, 4 
1, 5 
2, 8 
7, 14 
1, 6 
3, 12 
2, 11 
5, 23 
1, 2 
10, 56 
1, 3 
1, 3 
1, 3 
1, 3 
1, 3 
1, 3 
1, 3 
3, 8 
12, 42 
9, 43 
1, 16 
1, 3 
7, 26 
2, 4 
2, 4 
2, 4 
2, 4 
2, 4 
2, 4 
2, 4 
2, 4 
5, 33 
1, 3 
2, 7 
2, 7 
2, 7 
2, 7 
1, 3 
2, 13 
1, 5 
1, 11 
3, 38 
3, 41 
2, 12 
8, 17 
5, 26 
4, 32 
6, 26 
6, 13 
1, 2 
1, 6 
1, 7 
1, 3 
1, 3 
1, 3 
2, 5 
2, 5 
1, 3 
1, 3 
1, 3 
1, 3 
3, 26 
1, 3 
4, 12 
1, 4 
4, 14 
2, 4 
2, 5 
1, 3 
1, 2 
1, 2 
89, 135 
15, 23 
4, 11 
4, 11 
2, 6 
1, 3 
1, 3 
1, 2 
1, 3 
6, 12 
2, 9 
1, 2 
4, 19 
4, 19 
4, 16 
1, 2 
1, 6 
1, 3 
1, 3 
1, 3 
1, 3 
1, 3 
1, 3 
1, 3 
1, 3 
1, 3 
1, 3 
1, 110 
1, 3 
4, 11 
18, 53 
1, 5 
2, 7 
1, 3 
1, 5 
1, 12 
4, 38 
1, 17 
3, 10 
12, 26 
12, 38 
12, 38 
23, 53 
23, 71 
18, 36 
24, 74 
25, 76 
25, 77 
23, 71 
23, 71 
1, 2 
1, 9 
1, 3 
1, 3 
1, 3 
1, 3 
1, 3 
1, 3 
1, 3 
1, 3 
1, 3 
1, 3 
1, 3 
1, 3 
1, 3 
1, 3 
4, 9 
36, 104 
10, 54 
1, 3 
1, 3 
1, 3 
1, 6 
1, 6 
1, 6 
1, 6 
1, 6 
1, 6 
1, 5 
1, 6 
1, 6 
1, 6 
1, 6 
1, 3 
1, 6 
4, 32 
7, 6 
4, 22 
1, 3 
4, 5 
1, 5 
1, 3 
2, 6 
1, 5 
1, 3 
3, 30 
1, 5 
4, 15 
2, 7 
14, 50 
70, 262 
2, 130 
11, 92 
8, 27 
11, 70 
7, 31 
1, 3 
1, 3 
1, 3 
1, 3 
1, 3 
1, 3 
1, 3 
1, 3 
1, 3 
1, 3 
1, 3 
1, 3 
1, 3 
1, 3 
1, 8 
1, 4 
7, 39 
6, 24 
7, 21 
8, 25 
28, 113 
8, 28 
11, 29 
10, 40 
12, 34 
8, 29 
8, 32 
8, 31 
6, 23 
7, 23 
5, 19 
6, 19 
5, 18 
5, 18 
5, 19 
5, 23 
6, 20 
5, 18 
5, 21 
5, 21 
4, 18 
4, 17 
1, 3 
5, 31 
1, 5 
10, 43 
5, 27 
1, 3 
1, 3 
1, 3 
1, 3 
1, 12 
1, 3 
1, 5 
1, 2 
1, 3 
1, 3 
1, 3 
1, 3 
1, 2 
1, 3 
4, 11 
5, 15 
1, 5 
3, 11 
3, 9 
4, 24 
1, 2 
12, 61 
1, 5 
1, 3 
1, 3 
1, 3 
1, 6 
1, 6 
1, 6 
1, 6 
1, 6 
1, 6 
1, 43 
2, 9 
1, 2 
1, 3 
1, 3 
1, 3 
2, 5 
1, 3 
1, 3 
4, 19 
4, 29 
4, 21 
4, 19 
41, 132 
6, 26 
1, 5 
1, 3 
1, 3 
1, 3 
3, 9 
1, 3 
13, 52 
1, 5 
1, 4 
1, 4 
1, 4 
5, 34 
1, 3 
1, 6 
2, 18 
2, 12 
3, 15 
1, 4 
1, 4 
1, 4 
1, 4 
1, 4 
2, 4 
2, 4 
2, 4 
1, 3 
1, 3 
1, 3 
1, 3 
1, 3 
1, 3 
1, 3 
1, 3 
1, 3 
1, 3 
1, 3 
1, 3 
1, 3 
1, 3 
1, 3 
1, 3 
1, 3 
1, 3 
1, 3 
1, 3 
2, 4 
2, 4 
9, 18 
9, 18 
2, 5 
1, 3 
1, 3 
1, 282 
2, 7 
28, 65 
2, 9 
6, 18 
20, 64 
23, 73 
12, 35 
1, 3 
1, 4 
2, 6 
28, 83 
2, 7 
1, 3 
2, 14 
2, 4 
2, 4 
3, 28 
1, 30 
1, 13 
7, 16 
1, 4 
12, 76 
3, 13 
1, 6 
2, 14 
3, 13 
3, 12 
3, 12 
3, 13 
4, 11 
1, 5 
15, 37 
1, 3 
1, 3 
1, 3 
4, 12 
1, 3 
1, 3 
1, 3 
1, 3 
17, 67 
9, 17 
1, 3 
1, 3 
2, 15 
1, 3 
2, 5 
2, 8 
1, 3 
2, 5 
2, 8 
1, 3 
2, 5 
2, 5 
1, 3 
2, 8 
1, 3 
2, 5 
2, 8 
1, 3 
1, 6 
1, 3 
1, 3 
1, 3 
1, 3 
1, 3 
1, 3 
1, 4 
9, 10 
1, 4 
5, 13 
1, 2 
2, 4 
4, 9 
16, 61 
1, 2 
1, 2 
1, 3 
1, 3 
1, 3 
1, 3 
1, 3 
1, 3 
1, 3 
3, 122 
1, 5 
3, 10 
1, 3 
1, 3 
1, 10 
2, 69 
3, 10 
1, 12 
1, 13 
6, 43 
2, 5 
1, 3 
1, 4 
1, 4 
3, 12 
2, 6 
2, 6 
1, 3 
1, 5 
1, 3 
9, 24 
9, 20 
2, 9 
2, 9 
2, 11 
1, 3 
1, 3 
10, 23 
1, 4 
3, 10 
1, 4 
1, 4 
6, 16 
12, 66 
1, 5 
1, 3 
9, 20 
8, 20 
2, 9 
1, 3 
1, 3 
1, 3 
1, 3 
10, 23 
2, 11 
16, 23 
1, 4 
1, 4 
1, 4 
1, 5 
1, 5 
1, 5 
4, 13 
1, 6 
1, 8 
1, 6 
1, 6 
1, 6 
1, 6 
2, 16 
1, 5 
1, 12 
1, 3 
2, 18 
1, 51 
1, 19 
1, 17 
1, 3 
4, 71 
6, 19 
1, 4 
2, 9 
53, 112 
1, 3 
1, 3 
1, 3 
1, 3 
1, 3 
1, 2 
1, 2 
1, 2 
1, 2 
1, 2 
1, 2 
1, 2 
1, 2 
1, 2 
1, 2 
1, 2 
1, 2 
1, 2 
1, 4 
1, 2 
1, 8 
1, 3 
1, 3 
1, 3 
1, 3 
1, 3 
1, 3 
1, 3 
1, 3 
1, 3 
1, 3 
1, 4 
1, 13 
2, 17 
1, 3 
1, 3 
1, 3 
1, 3 
2, 6 
1, 3 
1, 3 
1, 3 
2, 5 
1, 3 
2, 9 
1, 3 
2, 5 
1, 2 
1, 2 
1, 2 
1, 2 
1, 9 
1, 3 
1, 3 
1, 3 
1, 3 
1, 3 
1, 3 
1, 3 
1, 3 
1, 3 
1, 3 
1, 3 
1, 3 
2, 12 
2, 14 
1, 3 
1, 4 
1, 3 
1, 3 
1, 2 
1, 2 
1, 2 
1, 2 
1, 2 
1, 2 
1, 2 
1, 3 
1, 3 
1, 6 
1, 6 
1, 6 
1, 6 
1, 6 
6, 41 
5, 36 
4, 16 
4, 16 
4, 15 
5, 16 
6, 39 
6, 38 
4, 14 
6, 38 
6, 38 
1, 11 
1, 9 
2, 4 
2, 68 
1, 6 
3, 11 
4, 25 
1, 3 
1, 3 
1, 4 
1, 3 
4, 6 
4, 6 
3, 6 
2, 5 
5, 20 
7, 39 
7, 40 
7, 39 
1, 3 
7, 17 
2, 5 
8, 26 
1, 3 
4, 8 
4, 9 
4, 8 
1, 3 
1, 3 
1, 3 
1, 3 
4, 12 
4, 11 
1, 5 
4, 15 
1, 7 
1, 4 
5, 24 
5, 25 
6, 14 
1, 3 
2, 5 
2, 7 
4, 10 
1, 7 
1, 7 
1, 6 
1, 5 
1, 6 
1, 6 
5, 41 
5, 24 
9, 30 
3, 11 
6, 19 
1, 3 
1, 3 
1, 3 
1, 3 
1, 3 
7, 16 
2, 8 
1, 3 
3, 76 
3, 11 
5, 28 
1, 5 
1, 12 
2, 11 
2, 11 
5, 12 
1, 3 
1, 3 
1, 3 
3, 7 
9, 27 
1, 2 
1, 3 
1, 5 
1, 3 
1, 12 
1, 7 
1, 3 
1, 3 
1, 5 
1, 3 
4, 15 
1, 17 
12, 85 
2, 10 
6, 15 
10, 75 
4, 43 
3, 31 
1, 5 
2, 30 
4, 27 
10, 73 
2, 65 
6, 12 
5, 18 
1, 5 
1, 6 
2, 13 
1, 7 
1, 3 
1, 3 
1, 3 
1, 3 
1, 3 
1, 3 
1, 3 
1, 3 
1, 3 
1, 3 
1, 3 
1, 3 
1, 3 
18, 36 
1, 4 
2, 6 
3, 7 
3, 7 
1, 3 
4, 9 
4, 23 
4, 23 
6, 32 
6, 31 
1, 3 
1, 3 
2, 5 
8, 29 
4, 9 
1, 7 
1, 3 
2, 5 
2, 8 
1, 3 
2, 8 
1, 3 
1, 3 
1, 3 
1, 11 
1, 11 
1, 55 
4, 8 
3, 9 
1, 3 
1, 5 
2, 8 
1, 16 
4, 7 
1, 5 
3, 16 
3, 13 
3, 12 
3, 16 
1, 8 
3, 5 
3, 5 
3, 5 
3, 13 
1, 3 
1, 3 
2, 23 
8, 44 
11, 61 
1, 3 
1, 6 
1, 3 
1, 3 
1, 3 
1, 3 
1, 3 
1, 7 
1, 3 
2, 8 
5, 14 
11, 23 
1, 3 
5, 14 
11, 28 
4, 13 
1, 7 
1, 8 
4, 26 
3, 5 
3, 5 
3, 5 
3, 5 
3, 13 
1, 3 
1, 3 
1, 3 
1, 3 
1, 3 
1, 8 
10, 47 
1, 3 
1, 3 
1, 3 
1, 3 
1, 4 
1, 3 
1, 3 
1, 3 
1, 3 
1, 3 
1, 3 
1, 3 
3, 10 
7, 25 
3, 10 
21, 72 
13, 41 
11, 33 
27, 117 
54, 229 
4, 17 
132, 385 
1, 3 
1, 3 
1, 3 
1, 3 
1, 4 
5, 30 
2, 10 
2, 4 
2, 7 
2, 6 
2, 13 
3, 6 
1, 4 
1, 11 
6, 28 
25, 90 
13, 45 
35, 114 
34, 110 
21, 57 
8, 16 
8, 16 
12, 63 
3, 15 
16, 87 
9, 43 
3, 18 
1, 3 
1, 6 
2, 14 
1, 6 
3, 28 
6, 28 
2, 6 
1, 6 
1, 3 
2, 5 
1, 3 
1, 3 
3, 5 
2, 4 
2, 5 
2, 5 
2, 5 
1, 3 
1, 3 
1, 4 
1, 4 
2, 10 
1, 6 
1, 6 
1, 6 
1, 6 
1, 6 
1, 6 
1, 6 
1, 6 
1, 6 
1, 7 
1, 6 
1, 6 
1, 6 
1, 6 
2, 12 
1, 6 
1, 6 
1, 6 
2, 8 
2, 9 
1, 8 
1, 7 
1, 7 
1, 7 
1, 7 
1, 7 
2, 10 
1, 7 
1, 7 
1, 7 
1, 7 
1, 7 
1, 8 
1, 8 
1, 8 
1, 7 
1, 7 
1, 7 
1, 7 
1, 8 
1, 6 
1, 3 
1, 3 
1, 3 
1, 2 
1, 3 
1, 8 
1, 8 
1, 8 
1, 3 
1, 3 
1, 7 
3, 4 
4, 8 
1, 3 
1, 3 
1, 3 
1, 7 
1, 2 
4, 8 
5, 13 
1, 3 
1, 3 
1, 3 
1, 3 
1, 6 
1, 5 
8, 19 
6, 17 
4, 21 
7, 21 
4, 14 
1, 8 
9, 24 
1, 8 
1, 7 
1, 7 
82, 231 
4, 20 
3, 19 
1, 4 
13, 40 
6, 6 
1, 2 
1, 4 
2, 10 
4, 20 
1, 3 
3, 10 
3, 10 
1, 3 
1, 3 
11, 52 
13, 45 
7, 48 
2, 24 
3, 14 
3, 24 
4, 14 
4, 14 
4, 9 
1, 3 
1, 3 
14, 31 
15, 40 
24, 120 
20, 60 
38, 119 
1, 2 
1, 3 
1, 3 
1, 13 
2, 12 
22, 83 
1, 4 
1, 3 
1, 3 
39, 105 
3, 7 
4, 25 
1, 5 
11, 26 
30, 102 
1, 4 
4, 57 
5, 23 
18, 67 
28, 84 
10, 20 
2, 4 
2, 4 
2, 4 
2, 4 
1, 3 
2, 4 
2, 4 
2, 5 
2, 6 
2, 4 
2, 4 
2, 4 
2, 4 
2, 4 
2, 5 
2, 4 
2, 4 
2, 4 
2, 4 
2, 4 
1, 3 
1, 3 
1, 3 
1, 3 
1, 3 
2, 8 
2, 6 
3, 45 
5, 22 
1, 3 
1, 3 
1, 3 
1, 3 
2, 19 
1, 25 
2, 7 
1, 71 
9, 15 
12, 58 
1, 3 
1, 3 
1, 3 
1, 3 
1, 5 
1, 16 
3, 7 
3, 22 
2, 17 
3, 12 
2, 4 
9, 78 
5, 11 
4, 8 
17, 79 
6, 30 
18, 72 
1, 5 
1, 5 
1, 3 
3, 19 
4, 22 
3, 18 
9, 32 
8, 30 
9, 31 
8, 27 
4, 20 
2, 9 
2, 9 
5, 26 
5, 27 
5, 27 
7, 21 
5, 22 
1, 3 
1, 3 
2, 10 
1, 2 
4, 6 
1, 2 
1, 2 
1, 3 
1, 3 
1, 2 
4, 11 
1, 3 
1, 3 
1, 2 
1, 2 
1, 2 
1, 2 
1, 2 
1, 2 
1, 2 
1, 2 
1, 3 
1, 3 
2, 98 
11, 40 
1, 3 
1, 3 
1, 8 
1, 8 
1, 6 
1, 6 
1, 6 
1, 6 
1, 6 
1, 6 
1, 10 
1, 10 
1, 6 
1, 6 
1, 6 
1, 6 
1, 6 
1, 6 
1, 6 
1, 6 
1, 6 
1, 6 
1, 6 
1, 6 
1, 6 
1, 6 
1, 6 
1, 6 
1, 6 
1, 6 
1, 6 
1, 6 
1, 6 
1, 6 
1, 2 
1, 4 
3, 20 
1, 16 
2, 17 
4, 6 
4, 6 
4, 5 
4, 5 
1, 3 
1, 3 
1, 3 
1, 3 
4, 6 
2, 5 
2, 5 
1, 3 
1, 3 
1, 3 
1, 6 
1, 6 
1, 6 
1, 6 
1, 2 
5, 11 
1, 5 
1, 3 
1, 3 
1, 3 
1, 3 
1, 3 
1, 3 
1, 5 
1, 3 
1, 5 
1, 5 
1, 3 
1, 5 
1, 3 
1, 5 
1, 5 
1, 5 
2, 6 
1, 5 
1, 5 
1, 3 
1, 5 
1, 5 
1, 6 
3, 19 
4, 35 
8, 7 
1, 4 
1, 6 
4, 12 
1, 3 
1, 3 
1, 3 
1, 7 
1, 6 
1, 6 
1, 6 
1, 6 
1, 6 
1, 6 
1, 4 
1, 5 
1, 33 
1, 17 
1, 240 
1, 168 
2, 10 
2, 10 
3, 38 
9, 36 
1, 8 
2, 5 
3, 5 
4, 24 
1, 6 
2, 15 
4, 14 
2, 7 
9, 40 
1, 3 
1, 3 
3, 5 
56, 142 
21, 58 
6, 38 
14, 46 
12, 35 
10, 42 
6, 23 
26, 103 
1, 3 
5, 8 
1, 7 
1, 3 
1, 3 
1, 3 
1, 3 
6, 16 
1, 3 
1, 3 
10, 17 
1, 3 
1, 3 
1, 3 
1, 3 
1, 3 
1, 3 
1, 3 
1, 3 
1, 21 
3, 10 
3, 13 
1, 6 
1, 6 
1, 6 
1, 6 
1, 5 
1, 3 
1, 83 
1, 5 
1, 3 
4, 15 
1, 3 
4, 11 
5, 27 
11, 52 
6, 16 
15, 38 
3, 18 
3, 16 
1, 8 
2, 11 
8, 24 
1, 21 
1, 6 
10, 312 
1, 6 
4, 22 
3, 13 
5, 28 
10, 29 
10, 29 
8, 26 
7, 28 
16, 66 
1, 2 
1, 2 
6, 28 
8, 22 
8, 53 
9, 52 
6, 32 
9, 34 
3, 18 
3, 18 
1, 3 
1, 3 
1, 4 
1, 5 
1, 3 
1, 3 
1, 5 
3, 8 
4, 16 
1, 3 
1, 3 
1, 3 
1, 3 
1, 3 
1, 3 
4, 21 
10, 49 
16, 51 
2, 7 
2, 6 
2, 6 
2, 9 
2, 6 
1, 3 
1, 3 
1, 3 
1, 3 
1, 3 
1, 6 
1, 3 
1, 3 
1, 3 
2, 7 
3, 7 
2, 13 
1, 3 
1, 3 
1, 10 
1, 3 
1, 3 
1, 3 
1, 3 
1, 3 
111, 302 
4, 15 
1, 3 
6, 20 
10, 24 
2, 7 
8, 16 
8, 43 
5, 17 
6, 16 
6, 13 
1, 3 
9, 30 
6, 28 
1, 3 
1, 3 
1, 3 
3, 9 
1, 3 
5, 20 
4, 17 
4, 17 
4, 17 
4, 16 
4, 20 
4, 23 
4, 22 
1, 5 
3, 13 
3, 16 
2, 11 
6, 19 
2, 11 
2, 11 
19, 77 
1, 5 
2, 4 
1, 6 
1, 5 
1, 4 
1, 4 
1, 4 
2, 5 
1, 2 
5, 13 
1, 3 
2, 6 
1, 3 
1, 3 
1, 3 
10, 31 
2, 8 
1, 6 
1, 2 
1, 8 
1, 6 
1, 3 
11, 28 
1, 2 
1, 3 
10, 47 
1, 4 
7, 72 
1, 3 
1, 3 
8, 35 
20, 107 
6, 11 
1, 3 
1, 3 
1, 3 
11, 51 
3, 10 
1, 3 
3, 11 
1, 12 
1, 3 
1, 5 
1, 4 
2, 6 
2, 6 
11, 48 
1, 3 
1, 3 
7, 21 
1, 3 
1, 3 
75, 203 
8, 24 
2, 6 
1, 3 
15, 40 
1, 3 
1, 3 
1, 4 
4, 12 
1, 3 
2, 6 
4, 14 
2, 9 
2, 13 
2, 9 
3, 14 
3, 15 
1, 8 
13, 27 
10, 52 
3, 10 
1, 4 
2, 7 
3, 10 
4, 21 
3, 12 
1, 5 
5, 11 
6, 12 
1, 3 
1, 5 
3, 56 
15, 106 
4, 10 
2, 11 
4, 19 
2, 7 
10, 53 
11, 60 
1, 4 
1, 3 
1, 3 
1, 3 
1, 4 
2, 5 
5, 12 
2, 9 
1, 3 
1, 4 
1, 4 
3, 7 
2, 5 
2, 19 
1, 3 
2, 6 
1, 6 
1, 6 
3, 9 
3, 11 
3, 13 
4, 13 
5, 16 
2, 10 
3, 14 
1, 9 
1, 5 
2, 10 
1, 3 
1, 3 
1, 3 
1, 3 
2, 4 
3, 16 
3, 23 
4, 15 
2, 11 
10, 35 
4, 11 
1, 3 
1, 3 
2, 13 
13, 36 
3, 13 
10, 24 
2, 9 
1, 4 
13, 53 
1, 4 
1, 3 
13, 47 
2, 7 
2, 7 
2, 8 
2, 8 
5, 19 
1, 3 
1, 6 
1, 3 
1, 3 
1, 3 
1, 3 
1, 3 
1, 3 
1, 3 
13, 98 
5, 46 
6, 22 
2, 6 
1, 5 
1, 5 
3, 11 
2, 9 
46, 144 
5, 12 
2, 9 
2, 6 
2, 9 
1, 3 
1, 3 
1, 3 
1, 4 
1, 4 
1, 3 
1, 3 
3, 8 
3, 9 
1, 5 
14, 59 
10, 38 
1, 4 
1, 5 
1, 4 
1, 5 
1, 3 
1, 3 
1, 3 
1, 2 
2, 4 
1, 3 
1, 2 
1, 2 
1, 3 
1, 3 
1, 3 
1, 2 
5, 9 
8, 39 
8, 105 
1, 105 
17, 48 
20, 124 
3, 17 
2, 6 
1, 3 
4, 36 
1, 3 
1, 3 
1, 5 
1, 3 
2, 7 
1, 3 
3, 13 
14, 65 
52, 175 
3, 16 
3, 31 
4, 42 
15, 109 
2, 18 
4, 26 
3, 12 
3, 11 
1, 3 
1, 3 
1, 3 
1, 3 
1, 3 
1, 3 
1, 5 
1, 3 
1, 8 
2, 11 
1, 2 
2, 19 
1, 3 
1, 3 
7, 18 
1, 8 
4, 30 
1, 3 
1, 2 
1, 3 
2, 8 
3, 20 
1, 5 
1, 2 
2, 5 
2, 7 
2, 7 
1, 3 
1, 4 
2, 5 
2, 5 
2, 7 
1, 3 
1, 3 
2, 25 
1, 3 
2, 10 
2, 9 
10, 44 
9, 43 
2, 16 
4, 10 
91, 311 
5, 14 
1, 7 
1, 3 
1, 3 
1, 3 
1, 3 
5, 15 
1, 3 
1, 4 
3, 8 
1, 3 
2, 6 
1, 2 
1, 2 
1, 5 
4, 12 
1, 3 
1, 3 
2, 5 
2, 5 
1, 2 
1, 8 
1, 3 
1, 3 
1, 3 
1, 3 
1, 3 
1, 3 
1, 3 
1, 3 
1, 3 
1, 3 
1, 3 
1, 3 
1, 5 
1, 39 
1, 3 
1, 3 
1, 3 
1, 3 
1, 3 
1, 3 
3, 6 
1, 3 
1, 3 
1, 3 
1, 3 
1, 11 
8, 34 
1, 3 
3, 14 
4, 14 
1, 2 
1, 2 
1, 2 
1, 3 
4, 8 
1, 2 
1, 2 
1, 2 
1, 2 
1, 2 
1, 2 
1, 2 
1, 5 
4, 10 
1, 3 
5, 53 
3, 11 
1, 3 
1, 5 
3, 10 
4, 10 
1, 3 
1, 11 
4, 8 
3, 8 
3, 15 
4, 18 
6, 29 
7, 46 
1, 5 
2, 9 
1, 3 
1, 4 
8, 111 
8, 27 
4, 29 
7, 89 
1, 4 
12, 10 
1, 3 
1, 3 
2, 7 
1, 4 
2, 6 
1, 3 
1, 2 
1, 2 
1, 2 
1, 4 
3, 17 
3, 10 
1, 3 
20, 63 
1, 7 
1, 5 
1, 7 
1, 3 
1, 3 
1, 3 
1, 3 
4, 17 
2, 13 
6, 16 
5, 17 
11, 39 
13, 52 
3, 16 
10, 45 
5, 20 
12, 52 
18, 42 
4, 17 
2, 5 
4, 10 
1, 3 
1, 4 
1, 3 
2, 5 
20, 61 
10, 25 
6, 23 
9, 21 
1, 2 
2, 10 
5, 23 
2, 7 
1, 4 
1, 3 
9, 37 
1, 2 
1, 4 
3, 17 
1, 3 
1, 3 
2, 5 
3, 8 
2, 9 
1, 7 
4, 14 
1, 3 
1, 3 
1, 3 
2, 4 
1, 49 
1, 17 
