9, 22 
1, 2 
13, 27 
2, 9 
8, 13 
6, 17 
1, 2 
1, 1 
1, 2 
1, 2 
1, 4 
3, 13 
1, 4 
1, 2 
5, 7 
1, 2 
1, 2 
1, 6 
1, 15 
1, 3 
4, 50 
1, 4 
2, 7 
1, 4 
3, 7 
1, 2 
2, 6 
2, 6 
1, 4 
1, 2 
1, 2 
8, 21 
4, 7 
1, 2 
2, 6 
1, 2 
1, 2 
1, 2 
1, 2 
2, 4 
2, 4 
4, 9 
1, 2 
1, 4 
1, 2 
1, 2 
1, 2 
2, 5 
1, 2 
1, 2 
1, 2 
2, 5 
2, 5 
2, 3 
1, 4 
1, 2 
2, 5 
4, 10 
1, 2 
1, 3 
2, 4 
4, 29 
1, 2 
1, 2 
1, 2 
1, 2 
3, 33 
1, 2 
2, 3 
3, 12 
3, 7 
2, 6 
1, 2 
1, 4 
2, 13 
1, 3 
1, 3 
1, 4 
2, 3 
2, 7 
2, 3 
1, 2 
2, 5 
1, 2 
3, 6 
5, 11 
1, 2 
3, 9 
2, 6 
4, 19 
1, 2 
1, 2 
1, 2 
2, 7 
1, 3 
3, 5 
1, 4 
1, 2 
1, 2 
2, 4 
1, 5 
1, 2 
1, 2 
1, 2 
1, 6 
2, 5 
9, 73 
1, 2 
1, 4 
4, 7 
1, 2 
1, 2 
1, 2 
3, 6 
1, 2 
4, 10 
1, 2 
1, 2 
4, 8 
3, 8 
1, 2 
1, 2 
2, 3 
1, 3 
8, 20 
2, 13 
2, 5 
1, 1 
2, 6 
4, 9 
1, 2 
8, 23 
2, 6 
1, 4 
1, 2 
1, 2 
1, 12 
1, 1 
1, 3 
14, 30 
1, 1 
1, 1 
1, 1 
1, 5 
1, 2 
5, 14 
1, 2 
1, 2 
1, 3 
2, 8 
2, 4 
1, 2 
1, 4 
1, 3 
1, 2 
12, 24 
1, 2 
4, 13 
2, 4 
1, 2 
1, 1 
2, 7 
1, 2 
1, 2 
1, 2 
1, 2 
5, 10 
2, 86 
4, 19 
1, 1 
1, 1 
2, 10 
4, 13 
1, 3 
1, 6 
1, 4 
2, 9 
2, 7 
1, 2 
1, 2 
3, 4 
1, 9 
1, 5 
1, 2 
1, 2 
1, 2 
1, 2 
1, 2 
1, 3 
1, 4 
1, 4 
1, 2 
1, 4 
2, 10 
1, 2 
1, 2 
1, 2 
2, 3 
2, 15 
2, 9 
1, 4 
1, 2 
2, 6 
2, 5 
7, 14 
7, 14 
1, 2 
1, 2 
1, 2 
1, 1 
1, 2 
1, 2 
1, 2 
3, 5 
7, 14 
12, 17 
3, 51 
2, 4 
1, 5 
3, 16 
1, 2 
1, 2 
1, 2 
1, 2 
1, 2 
2, 6 
1, 5 
16, 40 
2, 2 
1, 1 
1, 2 
1, 2 
1, 2 
2, 6 
2, 3 
2, 4 
1, 2 
1, 2 
3, 10 
6, 9 
1, 5 
2, 80 
2, 4 
4, 16 
2, 4 
1, 4 
1, 2 
1, 2 
1, 3 
2, 25 
3, 12 
1, 3 
1, 2 
2, 4 
1, 2 
1, 1 
1, 2 
1, 2 
1, 2 
1, 1 
2, 7 
1, 2 
4, 13 
2, 4 
1, 2 
1, 1 
1, 2 
1, 3 
2, 5 
2, 5 
2, 4 
1, 3 
1, 2 
1, 2 
1, 2 
1, 2 
14, 51 
1, 2 
8, 35 
1, 2 
2, 28 
4, 16 
3, 12 
4, 9 
1, 3 
1, 2 
1, 2 
4, 11 
1, 7 
1, 4 
1, 6 
1, 7 
1, 2 
1, 3 
1, 14 
1, 28 
1, 7 
1, 8 
1, 11 
1, 2 
2, 6 
1, 2 
1, 2 
1, 2 
1, 2 
1, 2 
1, 41 
1, 2 
1, 6 
1, 3 
1, 2 
1, 2 
2, 6 
1, 5 
1, 10 
1, 7 
1, 13 
1, 2 
1, 2 
1, 2 
1, 3 
1, 5 
1, 3 
3, 8 
1, 6 
1, 8 
1, 2 
1, 21 
1, 3 
2, 4 
1, 5 
1, 5 
1, 14 
1, 7 
2, 7 
3, 9 
8, 35 
1, 8 
2, 5 
1, 2 
2, 3 
1, 1 
1, 2 
1, 2 
1, 6 
2, 19 
8, 19 
1, 2 
2, 4 
2, 4 
3, 6 
8, 18 
6, 13 
1, 4 
1, 2 
1, 2 
4, 8 
1, 2 
1, 2 
1, 4 
1, 2 
2, 5 
1, 3 
1, 3 
1, 6 
3, 6 
1, 2 
1, 2 
1, 2 
1, 9 
1, 2 
3, 12 
1, 2 
1, 2 
1, 2 
1, 3 
1, 2 
1, 3 
1, 2 
1, 2 
2, 3 
2, 4 
5, 22 
7, 17 
1, 3 
1, 14 
1, 5 
1, 29 
4, 13 
1, 5 
2, 10 
1, 7 
1, 7 
1, 5 
2, 5 
1, 5 
1, 4 
1, 3 
2, 4 
1, 8 
9, 30 
2, 8 
1, 2 
1, 1 
2, 4 
8, 21 
1, 2 
4, 8 
5, 11 
2, 3 
1, 2 
5, 10 
3, 12 
2, 4 
1, 4 
8, 21 
1, 2 
1, 1 
15, 43 
6, 17 
4, 13 
6, 13 
3, 5 
1, 2 
1, 2 
2, 6 
5, 11 
1, 2 
4, 15 
4, 14 
1, 2 
1, 2 
1, 2 
4, 8 
4, 7 
1, 3 
1, 2 
1, 2 
1, 2 
1, 2 
2, 4 
2, 3 
1, 2 
1, 2 
1, 2 
2, 4 
2, 6 
1, 12 
1, 2 
2, 6 
5, 10 
3, 6 
1, 5 
1, 1 
1, 5 
3, 4 
1, 6 
4, 9 
1, 4 
3, 10 
1, 3 
1, 2 
2, 4 
1, 2 
1, 5 
1, 4 
1, 2 
1, 6 
3, 9 
1, 1 
1, 1 
1, 2 
1, 1 
1, 2 
1, 2 
1, 2 
1, 2 
1, 1 
1, 2 
3, 10 
3, 10 
3, 7 
4, 14 
4, 9 
4, 11 
3, 6 
2, 4 
5, 16 
8, 17 
1, 1 
9, 30 
1, 1 
1, 1 
3, 7 
1, 2 
1, 2 
1, 2 
1, 11 
1, 7 
1, 3 
2, 11 
1, 3 
1, 2 
1, 7 
1, 8 
1, 11 
1, 2 
1, 2 
1, 1 
1, 2 
1, 2 
1, 11 
4, 11 
2, 4 
1, 2 
2, 6 
1, 4 
1, 2 
1, 2 
2, 5 
2, 13 
1, 2 
1, 17 
1, 2 
7, 25 
1, 29 
2, 16 
3, 9 
1, 3 
13, 38 
1, 2 
2, 6 
3, 30 
1, 2 
2, 28 
2, 10 
1, 5 
1, 12 
1, 11 
2, 5 
3, 7 
1, 14 
1, 7 
1, 2 
2, 5 
2, 9 
2, 9 
2, 8 
2, 8 
2, 8 
2, 5 
2, 3 
1, 4 
1, 9 
8, 18 
1, 1 
1, 1 
1, 2 
4, 7 
1, 2 
1, 2 
1, 2 
1, 4 
1, 4 
1, 20 
1, 9 
1, 7 
1, 10 
1, 2 
2, 6 
6, 24 
9, 13 
1, 2 
1, 2 
2, 4 
3, 14 
1, 2 
1, 3 
1, 3 
1, 2 
5, 17 
5, 14 
4, 9 
4, 10 
3, 10 
1, 4 
2, 5 
2, 5 
3, 2 
1, 2 
1, 2 
1, 2 
1, 2 
1, 8 
1, 2 
1, 6 
1, 4 
1, 2 
1, 2 
2, 9 
2, 4 
2, 5 
2, 9 
1, 2 
11, 30 
1, 2 
1, 3 
1, 2 
1, 2 
1, 2 
1, 4 
1, 2 
1, 2 
1, 2 
1, 3 
1, 5 
1, 2 
1, 2 
1, 2 
1, 3 
1, 4 
1, 2 
1, 3 
1, 3 
1, 3 
1, 3 
2, 4 
3, 6 
1, 2 
1, 2 
1, 25 
1, 12 
3, 8 
2, 6 
3, 11 
3, 8 
3, 7 
9, 20 
2, 6 
2, 12 
2, 12 
1, 3 
1, 4 
4, 9 
1, 2 
1, 2 
1, 3 
1, 2 
1, 3 
1, 5 
1, 5 
1, 2 
2, 3 
1, 2 
1, 4 
1, 4 
1, 2 
1, 2 
1, 2 
2, 6 
1, 99 
1, 11 
1, 13 
4, 25 
5, 9 
2, 4 
6, 10 
2, 4 
2, 4 
1, 2 
5, 13 
1, 3 
4, 8 
1, 2 
1, 2 
19, 84 
1, 10 
1, 2 
1, 5 
25, 62 
7, 22 
2, 10 
6, 31 
3, 11 
2, 4 
1, 16 
2, 10 
1, 2 
1, 2 
9, 47 
5, 11 
1, 2 
1, 2 
4, 11 
1, 3 
1, 4 
1, 4 
1, 2 
4, 14 
6, 20 
1, 5 
2, 3 
1, 2 
2, 3 
2, 6 
1, 3 
1, 2 
4, 12 
7, 34 
1, 2 
1, 2 
2, 7 
1, 5 
1, 2 
1, 2 
1, 2 
1, 2 
1, 2 
2, 5 
1, 3 
2, 4 
1, 2 
3, 6 
5, 12 
5, 16 
1, 2 
1, 2 
1, 2 
1, 2 
1, 4 
2, 6 
1, 4 
1, 2 
5, 11 
1, 2 
1, 3 
1, 1 
1, 2 
1, 2 
1, 2 
1, 36 
1, 3 
1, 1 
1, 6 
8, 17 
6, 19 
1, 5 
2, 6 
4, 17 
3, 8 
3, 5 
1, 2 
4, 7 
3, 10 
3, 14 
1, 3 
1, 3 
1, 5 
1, 3 
1, 3 
5, 27 
1, 2 
1, 4 
1, 4 
1, 5 
1, 2 
2, 7 
1, 2 
1, 49 
1, 3 
12, 33 
9, 21 
9, 25 
1, 1 
1, 1 
1, 1 
3, 3 
1, 2 
1, 2 
1, 2 
1, 2 
1, 2 
1, 2 
1, 2 
1, 2 
1, 2 
1, 2 
1, 2 
2, 10 
31, 91 
4, 13 
1, 2 
1, 2 
3, 84 
1, 5 
1, 2 
1, 13 
1, 2 
2, 6 
2, 9 
4, 18 
1, 3 
1, 3 
1, 2 
1, 4 
6, 15 
1, 4 
1, 1 
1, 2 
1, 2 
1, 1 
1, 13 
1, 1 
2, 3 
1, 2 
1, 2 
1, 1 
1, 2 
1, 2 
3, 4 
1, 1 
1, 3 
1, 3 
1, 2 
1, 1 
2, 4 
1, 2 
1, 2 
3, 8 
3, 7 
1, 4 
1, 1 
1, 3 
1, 2 
1, 4 
3, 6 
1, 2 
2, 5 
12, 32 
4, 11 
6, 16 
8, 31 
7, 15 
2, 4 
5, 12 
1, 2 
2, 13 
1, 3 
1, 2 
4, 8 
1, 2 
1, 2 
2, 7 
1, 2 
1, 6 
1, 2 
7, 16 
1, 2 
2, 3 
7, 9 
3, 11 
3, 8 
1, 2 
1, 3 
1, 7 
1, 23 
1, 3 
1, 10 
1, 3 
2, 5 
4, 17 
1, 2 
3, 7 
4, 6 
3, 9 
1, 1 
1, 2 
1, 2 
1, 2 
1, 2 
1, 2 
1, 2 
7, 24 
7, 21 
1, 3 
1, 3 
2, 17 
3, 7 
2, 4 
1, 4 
1, 2 
17, 65 
3, 6 
2, 4 
1, 3 
1, 2 
1, 2 
1, 2 
1, 2 
1, 6 
1, 7 
4, 8 
1, 4 
3, 7 
3, 5 
1, 4 
3, 3 
1, 2 
5, 11 
2, 6 
3, 9 
1, 2 
1, 6 
1, 7 
1, 2 
2, 4 
2, 3 
1, 3 
1, 9 
1, 5 
1, 12 
1, 4 
1, 4 
3, 12 
1, 2 
1, 46 
1, 46 
1, 2 
1, 7 
1, 1 
1, 2 
1, 2 
1, 5 
3, 19 
2, 5 
3, 3 
3, 7 
3, 12 
6, 20 
5, 7 
1, 3 
1, 2 
1, 18 
1, 3 
1, 2 
1, 4 
1, 3 
1, 23 
1, 4 
1, 2 
1, 2 
2, 5 
2, 12 
2, 9 
1, 2 
1, 2 
1, 3 
1, 2 
1, 12 
2, 4 
1, 2 
1, 2 
1, 2 
1, 2 
2, 5 
2, 9 
1, 2 
1, 3 
1, 3 
6, 20 
5, 18 
4, 6 
3, 7 
5, 23 
2, 4 
1, 2 
1, 3 
1, 9 
1, 2 
1, 3 
1, 2 
1, 9 
1, 2 
1, 3 
1, 2 
1, 9 
1, 2 
1, 2 
2, 4 
2, 4 
2, 4 
2, 4 
8, 17 
3, 7 
3, 7 
5, 16 
3, 4 
1, 2 
1, 2 
1, 2 
1, 5 
1, 2 
2, 5 
2, 3 
2, 4 
2, 11 
1, 2 
2, 6 
6, 14 
3, 7 
1, 2 
6, 30 
1, 2 
1, 2 
2, 7 
1, 2 
3, 7 
1, 2 
1, 3 
4, 10 
1, 2 
1, 7 
1, 6 
1, 5 
1, 6 
1, 5 
1, 6 
1, 6 
1, 5 
1, 2 
1, 2 
1, 2 
1, 2 
1, 3 
1, 1 
1, 4 
2, 4 
2, 11 
2, 8 
1, 2 
1, 2 
1, 2 
1, 2 
2, 9 
6, 18 
1, 2 
1, 2 
2, 7 
1, 2 
1, 2 
1, 2 
2, 5 
1, 2 
1, 3 
2, 7 
1, 2 
1, 2 
1, 5 
2, 8 
1, 4 
1, 2 
1, 4 
1, 2 
1, 19 
2, 34 
1, 2 
1, 13 
2, 10 
3, 14 
1, 2 
1, 2 
1, 2 
1, 2 
1, 2 
11, 26 
1, 2 
1, 2 
1, 3 
2, 8 
1, 3 
1, 3 
9, 17 
4, 12 
2, 17 
1, 2 
1, 2 
1, 2 
9, 19 
1, 2 
1, 1 
1, 3 
1, 2 
4, 14 
6, 22 
4, 21 
5, 12 
4, 10 
10, 54 
8, 35 
1, 2 
1, 4 
9, 29 
1, 2 
1, 2 
1, 2 
9, 19 
1, 2 
1, 2 
1, 2 
3, 6 
1, 2 
1, 2 
1, 2 
1, 2 
10, 33 
2, 6 
6, 25 
1, 1 
3, 10 
1, 2 
1, 2 
6, 17 
2, 9 
1, 2 
1, 2 
1, 2 
1, 2 
7, 22 
3, 18 
1, 4 
6, 61 
5, 17 
2, 4 
8, 21 
1, 2 
1, 2 
19, 134 
1, 9 
3, 18 
3, 26 
3, 18 
3, 6 
1, 2 
1, 2 
6, 39 
1, 5 
5, 13 
1, 4 
1, 2 
8, 29 
2, 6 
7, 23 
1, 2 
1, 3 
1, 3 
1, 2 
2, 4 
1, 2 
1, 84 
1, 4 
1, 4 
1, 2 
1, 2 
1, 2 
1, 3 
1, 2 
1, 2 
2, 9 
1, 8 
1, 8 
1, 8 
1, 8 
1, 10 
1, 10 
1, 16 
1, 12 
1, 4 
4, 13 
1, 4 
1, 2 
1, 2 
1, 3 
1, 2 
1, 2 
1, 2 
1, 7 
12, 32 
2, 9 
1, 2 
1, 2 
5, 6 
2, 6 
1, 5 
1, 5 
1, 2 
3, 5 
3, 5 
3, 5 
1, 3 
1, 3 
1, 2 
1, 8 
1, 2 
1, 2 
1, 2 
1, 2 
1, 2 
1, 4 
1, 4 
1, 2 
2, 3 
1, 2 
2, 6 
2, 8 
2, 8 
2, 5 
1, 2 
6, 16 
2, 5 
6, 19 
12, 32 
1, 4 
1, 4 
6, 14 
1, 4 
1, 5 
3, 7 
2, 6 
7, 17 
5, 14 
2, 4 
5, 14 
2, 8 
3, 7 
2, 4 
1, 20 
1, 12 
1, 2 
2, 8 
2, 8 
2, 8 
2, 8 
2, 5 
2, 8 
2, 8 
2, 10 
2, 4 
2, 4 
2, 4 
2, 4 
2, 4 
2, 4 
2, 4 
2, 5 
2, 5 
2, 5 
1, 2 
1, 4 
5, 6 
5, 12 
8, 20 
16, 42 
1, 2 
1, 2 
3, 6 
1, 2 
1, 2 
1, 2 
1, 2 
2, 5 
1, 2 
1, 2 
1, 2 
4, 8 
1, 2 
1, 2 
2, 6 
1, 2 
1, 2 
1, 3 
1, 2 
2, 8 
1, 2 
1, 1 
15, 31 
1, 2 
1, 5 
4, 6 
1, 4 
1, 2 
1, 2 
1, 15 
1, 2 
1, 1 
2, 5 
1, 2 
1, 2 
1, 2 
1, 25 
1, 3 
5, 17 
2, 4 
2, 5 
2, 7 
5, 10 
1, 2 
1, 1 
1, 2 
1, 2 
1, 3 
5, 14 
2, 10 
2, 6 
3, 5 
4, 10 
1, 2 
1, 4 
1, 15 
1, 11 
1, 16 
4, 18 
1, 3 
1, 3 
1, 3 
1, 1 
7, 15 
3, 6 
1, 2 
1, 2 
1, 2 
1, 2 
2, 12 
1, 2 
2, 5 
1, 2 
1, 5 
5, 8 
1, 2 
1, 4 
1, 2 
1, 2 
1, 4 
7, 23 
1, 2 
12, 24 
5, 8 
1, 4 
1, 2 
5, 14 
1, 4 
7, 16 
1, 4 
5, 14 
1, 2 
1, 2 
1, 3 
1, 4 
5, 12 
1, 4 
7, 19 
1, 2 
1, 3 
1, 2 
1, 2 
1, 3 
10, 21 
12, 33 
6, 13 
1, 2 
1, 2 
4, 14 
1, 1 
1, 1 
1, 3 
5, 6 
4, 13 
1, 2 
2, 11 
13, 26 
6, 15 
7, 17 
4, 20 
2, 3 
1, 2 
3, 6 
4, 17 
6, 11 
2, 4 
1, 2 
1, 2 
1, 2 
5, 12 
2, 5 
1, 4 
1, 2 
1, 4 
1, 6 
6, 17 
1, 2 
5, 25 
8, 49 
4, 10 
2, 7 
1, 13 
1, 3 
1, 2 
1, 8 
1, 3 
1, 3 
1, 3 
1, 5 
3, 13 
2, 4 
1, 2 
1, 2 
2, 4 
4, 10 
1, 2 
3, 6 
1, 2 
1, 2 
1, 3 
1, 2 
1, 3 
2, 5 
3, 9 
1, 2 
1, 2 
1, 5 
1, 3 
4, 12 
1, 6 
1, 4 
1, 2 
2, 6 
2, 6 
1, 3 
2, 5 
1, 2 
1, 16 
2, 5 
2, 5 
2, 6 
2, 5 
2, 4 
2, 4 
7, 20 
1, 2 
1, 2 
3, 7 
1, 4 
6, 17 
1, 3 
2, 20 
2, 8 
1, 2 
9, 20 
1, 4 
1, 2 
1, 2 
9, 15 
1, 2 
1, 9 
1, 2 
3, 13 
1, 2 
3, 8 
1, 2 
1, 6 
1, 3 
1, 4 
4, 7 
4, 11 
5, 19 
1, 2 
2, 4 
1, 2 
1, 2 
1, 2 
8, 41 
1, 5 
11, 61 
2, 9 
3, 27 
5, 15 
8, 18 
8, 23 
2, 9 
1, 2 
1, 3 
1, 4 
4, 7 
4, 11 
5, 19 
2, 4 
1, 3 
2, 6 
1, 5 
1, 2 
2, 4 
2, 4 
1, 2 
1, 3 
1, 162 
1, 2 
1, 2 
1, 2 
1, 2 
1, 4 
1, 8 
17, 32 
2, 4 
3, 7 
2, 4 
2, 4 
6, 12 
1, 2 
1, 6 
1, 14 
1, 3 
2, 10 
1, 5 
1, 2 
2, 9 
6, 13 
1, 2 
1, 2 
1, 5 
1, 6 
1, 5 
1, 5 
1, 5 
2, 4 
1, 3 
2, 7 
2, 6 
5, 6 
1, 5 
1, 2 
2, 7 
1, 3 
1, 2 
5, 16 
4, 13 
3, 6 
1, 2 
1, 3 
1, 4 
2, 8 
3, 14 
3, 22 
1, 2 
1, 2 
1, 2 
2, 11 
1, 2 
1, 3 
1, 2 
2, 3 
1, 3 
3, 8 
1, 5 
3, 6 
2, 5 
1, 2 
1, 2 
1, 2 
1, 2 
3, 9 
3, 9 
3, 6 
3, 8 
3, 7 
1, 2 
1, 7 
1, 5 
1, 5 
1, 6 
1, 6 
3, 8 
1, 4 
1, 3 
3, 5 
1, 2 
1, 2 
1, 2 
1, 2 
1, 3 
1, 27 
5, 19 
3, 12 
5, 9 
2, 12 
1, 2 
1, 2 
1, 5 
1, 2 
1, 2 
1, 2 
1, 2 
1, 2 
4, 11 
1, 2 
1, 1 
1, 1 
1, 6 
1, 10 
1, 4 
1, 2 
1, 2 
1, 2 
1, 2 
1, 2 
6, 21 
1, 2 
1, 3 
1, 4 
2, 4 
1, 2 
1, 2 
2, 7 
1, 2 
1, 2 
1, 2 
1, 9 
2, 4 
1, 4 
1, 4 
1, 4 
6, 19 
1, 2 
1, 1 
1, 2 
1, 2 
11, 57 
1, 6 
2, 17 
1, 2 
3, 21 
2, 4 
14, 41 
3, 24 
4, 12 
1, 9 
2, 4 
1, 7 
2, 4 
2, 4 
2, 4 
2, 4 
1, 4 
1, 4 
1, 4 
1, 4 
1, 4 
6, 19 
1, 2 
1, 2 
1, 1 
1, 2 
1, 20 
1, 4 
3, 10 
1, 2 
1, 2 
2, 5 
2, 6 
1, 17 
3, 6 
2, 4 
1, 6 
5, 6 
1, 2 
1, 2 
1, 2 
1, 2 
1, 3 
9, 58 
7, 31 
3, 6 
1, 4 
2, 7 
7, 17 
1, 3 
1, 3 
1, 3 
1, 3 
1, 4 
2, 6 
2, 4 
2, 5 
1, 2 
5, 6 
1, 4 
7, 19 
3, 7 
2, 5 
1, 1 
1, 2 
1, 3 
1, 6 
2, 6 
1, 2 
1, 2 
1, 4 
1, 2 
1, 2 
1, 1 
3, 14 
1, 13 
4, 10 
1, 3 
1, 2 
1, 2 
5, 25 
3, 7 
1, 2 
6, 15 
1, 2 
1, 2 
4, 6 
1, 1 
3, 6 
1, 2 
1, 2 
1, 2 
1, 2 
1, 2 
1, 2 
1, 3 
1, 2 
1, 5 
2, 4 
1, 2 
1, 2 
2, 4 
2, 6 
2, 7 
2, 7 
3, 2 
1, 1 
1, 2 
1, 2 
1, 1 
1, 1 
1, 1 
1, 2 
1, 2 
1, 1 
1, 2 
1, 2 
1, 2 
1, 2 
1, 1 
1, 1 
1, 1 
1, 1 
1, 2 
2, 8 
10, 28 
2, 3 
4, 16 
6, 24 
2, 7 
17, 55 
12, 25 
5, 11 
4, 10 
1, 3 
1, 2 
1, 2 
2, 4 
2, 14 
1, 3 
1, 2 
4, 12 
1, 2 
1, 2 
1, 2 
1, 2 
1, 2 
1, 2 
1, 2 
1, 2 
1, 2 
1, 2 
1, 2 
1, 2 
1, 2 
1, 2 
2, 7 
2, 7 
1, 2 
1, 2 
1, 5 
1, 2 
2, 9 
1, 8 
1, 5 
1, 2 
1, 2 
1, 4 
1, 3 
1, 4 
5, 10 
3, 5 
1, 2 
1, 2 
1, 7 
1, 3 
1, 7 
3, 4 
3, 11 
1, 2 
1, 3 
2, 55 
2, 4 
2, 4 
1, 3 
1, 3 
1, 2 
1, 2 
1, 4 
1, 7 
1, 10 
1, 8 
1, 2 
1, 2 
1, 2 
1, 2 
1, 2 
1, 8 
1, 3 
1, 2 
1, 4 
1, 2 
1, 2 
2, 5 
2, 13 
1, 4 
2, 60 
1, 2 
5, 14 
1, 3 
3, 4 
3, 4 
1, 2 
1, 3 
5, 9 
1, 2 
1, 2 
1, 2 
1, 3 
1, 4 
1, 3 
1, 9 
1, 12 
1, 12 
1, 10 
1, 11 
1, 17 
1, 7 
1, 7 
1, 4 
4, 8 
1, 3 
1, 3 
1, 15 
3, 6 
4, 14 
3, 6 
3, 6 
1, 3 
3, 13 
3, 6 
1, 3 
3, 6 
1, 3 
1, 3 
1, 3 
1, 3 
3, 6 
1, 3 
1, 3 
3, 12 
3, 6 
1, 3 
1, 3 
3, 6 
1, 3 
1, 3 
1, 3 
1, 3 
3, 6 
1, 3 
1, 2 
1, 5 
3, 6 
2, 5 
1, 1 
5, 8 
2, 4 
4, 8 
4, 6 
35, 88 
3, 7 
34, 102 
10, 22 
1, 1 
1, 3 
2, 5 
11, 15 
9, 23 
3, 6 
3, 7 
2, 4 
2, 4 
6, 11 
2, 6 
7, 13 
11, 30 
3, 9 
11, 18 
1, 2 
4, 16 
1, 2 
1, 2 
1, 2 
2, 5 
3, 9 
1, 4 
1, 12 
2, 8 
1, 2 
1, 3 
2, 5 
3, 9 
1, 2 
1, 4 
1, 3 
2, 5 
1, 2 
1, 3 
1, 12 
1, 4 
1, 6 
1, 2 
1, 2 
1, 2 
1, 2 
1, 2 
1, 4 
1, 2 
1, 2 
2, 6 
5, 11 
1, 3 
1, 2 
1, 3 
1, 2 
1, 2 
1, 2 
1, 2 
1, 2 
1, 6 
3, 6 
1, 2 
1, 6 
2, 4 
1, 2 
2, 4 
1, 16 
2, 5 
2, 9 
1, 2 
5, 16 
1, 2 
3, 6 
1, 2 
1, 2 
5, 12 
1, 2 
1, 6 
1, 2 
2, 4 
2, 4 
1, 2 
1, 3 
1, 2 
1, 2 
2, 34 
1, 2 
1, 3 
1, 5 
1, 6 
1, 2 
2, 30 
2, 27 
6, 13 
1, 3 
1, 3 
1, 2 
1, 2 
1, 4 
1, 2 
1, 2 
1, 2 
1, 2 
1, 2 
1, 2 
1, 4 
1, 2 
4, 7 
3, 5 
2, 4 
3, 11 
4, 8 
5, 18 
1, 2 
2, 3 
3, 11 
1, 5 
1, 2 
10, 21 
1, 3 
1, 5 
1, 15 
1, 19 
1, 12 
1, 18 
1, 26 
3, 9 
1, 20 
1, 15 
1, 25 
1, 16 
3, 17 
9, 33 
9, 38 
2, 10 
5, 15 
2, 10 
2, 9 
2, 5 
1, 3 
3, 8 
1, 4 
2, 8 
11, 29 
1, 4 
1, 7 
9, 38 
9, 26 
1, 2 
3, 8 
1, 13 
1, 1 
1, 2 
1, 2 
2, 6 
1, 1 
1, 2 
1, 2 
1, 2 
1, 4 
1, 2 
1, 32 
2, 4 
2, 6 
2, 4 
1, 2 
2, 4 
1, 2 
1, 10 
1, 3 
1, 2 
1, 8 
1, 5 
2, 16 
3, 12 
1, 10 
5, 10 
1, 2 
26, 72 
1, 2 
1, 2 
13, 38 
2, 6 
2, 4 
1, 4 
1, 5 
2, 5 
1, 4 
2, 6 
1, 2 
1, 2 
4, 14 
1, 2 
2, 4 
3, 4 
2, 4 
2, 6 
1, 3 
1, 2 
1, 2 
1, 2 
3, 7 
2, 13 
1, 10 
2, 4 
5, 11 
1, 2 
1, 2 
1, 2 
3, 8 
1, 2 
2, 5 
1, 2 
5, 19 
3, 8 
3, 6 
2, 3 
6, 20 
9, 33 
18, 80 
3, 7 
2, 4 
1, 2 
1, 2 
1, 2 
1, 2 
2, 4 
1, 5 
1, 2 
1, 3 
8, 19 
6, 14 
1, 4 
1, 6 
3, 9 
2, 6 
15, 26 
1, 2 
2, 2 
1, 2 
1, 3 
2, 3 
3, 7 
1, 13 
2, 6 
2, 12 
2, 8 
1, 2 
3, 8 
5, 12 
1, 2 
1, 3 
2, 6 
1, 3 
1, 14 
1, 2 
1, 2 
1, 2 
1, 2 
1, 2 
1, 2 
1, 2 
1, 2 
1, 2 
1, 2 
1, 2 
1, 2 
1, 2 
1, 2 
1, 2 
1, 2 
1, 2 
1, 2 
1, 2 
1, 2 
1, 2 
1, 2 
1, 9 
1, 8 
1, 9 
1, 8 
4, 10 
2, 5 
2, 5 
1, 2 
1, 1 
1, 2 
1, 2 
5, 11 
3, 4 
1, 3 
1, 3 
1, 2 
2, 5 
1, 2 
1, 2 
1, 2 
1, 2 
1, 4 
1, 2 
1, 11 
1, 5 
1, 21 
1, 10 
1, 7 
1, 6 
1, 6 
1, 6 
1, 6 
1, 6 
1, 2 
1, 6 
1, 2 
1, 4 
1, 3 
1, 23 
2, 5 
4, 6 
3, 4 
2, 8 
4, 18 
4, 10 
2, 14 
2, 3 
2, 12 
1, 11 
1, 2 
1, 2 
1, 2 
1, 2 
1, 2 
1, 4 
1, 2 
9, 15 
3, 6 
2, 4 
1, 5 
1, 2 
1, 2 
1, 2 
1, 13 
1, 2 
1, 13 
6, 13 
1, 2 
1, 8 
3, 8 
1, 1 
3, 14 
1, 1 
1, 1 
1, 2 
1, 3 
7, 36 
1, 2 
1, 2 
2, 6 
1, 2 
1, 2 
1, 2 
1, 2 
1, 2 
1, 2 
1, 1 
1, 1 
1, 2 
2, 4 
9, 27 
1, 1 
1, 2 
1, 2 
1, 2 
1, 2 
1, 3 
1, 2 
1, 4 
1, 5 
4, 7 
5, 15 
1, 5 
2, 17 
2, 9 
1, 2 
5, 16 
1, 8 
1, 18 
1, 2 
1, 2 
1, 2 
1, 2 
1, 2 
1, 2 
1, 2 
2, 6 
2, 4 
1, 2 
2, 6 
1, 2 
1, 2 
5, 11 
1, 2 
6, 24 
6, 81 
1, 4 
1, 3 
3, 7 
18, 73 
4, 9 
1, 2 
1, 1 
5, 17 
8, 20 
1, 3 
1, 2 
1, 30 
1, 2 
5, 16 
1, 2 
1, 2 
1, 2 
6, 35 
2, 8 
3, 6 
3, 6 
4, 8 
3, 5 
1, 1 
1, 1 
1, 2 
2, 5 
15, 44 
1, 4 
1, 2 
1, 2 
1, 3 
1, 2 
2, 4 
1, 2 
1, 2 
1, 3 
1, 3 
1, 2 
7, 23 
6, 15 
5, 14 
5, 14 
4, 6 
1, 1 
1, 2 
1, 2 
1, 2 
1, 2 
1, 2 
2, 3 
1, 2 
2, 5 
1, 27 
1, 5 
2, 5 
1, 2 
2, 3 
1, 8 
1, 7 
6, 17 
1, 2 
1, 2 
1, 2 
1, 2 
4, 13 
2, 5 
1, 3 
1, 8 
4, 19 
1, 2 
1, 2 
1, 2 
1, 2 
1, 2 
1, 2 
1, 3 
3, 4 
1, 2 
4, 12 
1, 3 
3, 6 
3, 6 
1, 2 
5, 16 
1, 2 
1, 2 
2, 4 
2, 6 
1, 2 
1, 2 
1, 2 
2, 6 
1, 2 
1, 10 
1, 3 
2, 8 
2, 6 
1, 3 
15, 34 
1, 4 
1, 2 
1, 2 
1, 2 
1, 2 
2, 4 
2, 4 
1, 2 
1, 9 
1, 7 
1, 16 
1, 7 
2, 5 
1, 4 
3, 10 
1, 2 
1, 2 
1, 2 
1, 4 
3, 8 
1, 2 
1, 2 
1, 18 
1, 56 
1, 2 
1, 7 
1, 15 
1, 3 
1, 2 
6, 29 
1, 2 
1, 2 
1, 2 
1, 2 
2, 19 
2, 11 
7, 16 
1, 3 
1, 2 
1, 24 
1, 2 
2, 10 
2, 7 
4, 21 
1, 2 
1, 3 
1, 26 
2, 4 
1, 2 
1, 2 
1, 2 
1, 2 
1, 3 
1, 2 
2, 12 
13, 41 
51, 117 
1, 4 
11, 33 
1, 2 
4, 18 
7, 20 
7, 18 
4, 12 
4, 8 
6, 8 
1, 2 
1, 4 
23, 35 
8, 19 
3, 8 
7, 22 
1, 3 
1, 5 
1, 2 
1, 4 
1, 3 
8, 22 
2, 10 
5, 20 
3, 14 
2, 5 
5, 13 
1, 5 
1, 5 
1, 2 
1, 2 
1, 7 
1, 13 
1, 4 
1, 4 
1, 8 
1, 4 
1, 8 
1, 6 
1, 7 
1, 2 
1, 2 
1, 2 
1, 4 
1, 7 
1, 6 
1, 2 
1, 2 
5, 17 
1, 21 
2, 57 
3, 36 
2, 4 
1, 2 
1, 7 
1, 7 
1, 45 
1, 2 
1, 2 
1, 4 
1, 65 
6, 48 
1, 3 
4, 13 
2, 6 
1, 2 
6, 11 
3, 8 
12, 27 
3, 5 
6, 14 
2, 4 
1, 3 
4, 8 
1, 2 
1, 2 
1, 2 
3, 6 
1, 6 
13, 36 
1, 4 
1, 1 
1, 2 
1, 1 
1, 1 
1, 1 
3, 12 
1, 4 
1, 7 
3, 10 
8, 88 
1, 2 
14, 29 
1, 2 
2, 4 
1, 2 
1, 20 
1, 7 
1, 2 
1, 2 
1, 3 
1, 3 
1, 2 
1, 2 
1, 2 
1, 2 
1, 2 
1, 2 
1, 2 
3, 4 
1, 2 
2, 7 
5, 10 
2, 4 
2, 4 
1, 2 
1, 2 
2, 7 
1, 2 
1, 2 
1, 2 
2, 4 
1, 2 
2, 2 
1, 1 
1, 2 
1, 2 
2, 4 
1, 2 
4, 8 
3, 7 
1, 1 
1, 2 
2, 3 
2, 19 
3, 14 
3, 18 
11, 38 
4, 10 
1, 2 
6, 9 
5, 12 
3, 8 
1, 2 
4, 7 
1, 2 
4, 7 
5, 9 
1, 3 
1, 2 
1, 14 
1, 2 
1, 2 
1, 2 
1, 2 
1, 3 
1, 2 
1, 7 
1, 2 
1, 2 
1, 2 
1, 2 
1, 2 
1, 2 
1, 2 
1, 2 
1, 7 
1, 6 
1, 6 
1, 2 
1, 10 
1, 8 
1, 11 
1, 26 
1, 2 
178, 387 
2, 11 
1, 3 
1, 4 
1, 1 
1, 1 
1, 1 
1, 2 
1, 2 
1, 1 
1, 1 
2, 4 
2, 6 
2, 4 
1, 2 
2, 4 
7, 34 
1, 2 
2, 6 
1, 8 
10, 36 
2, 4 
2, 4 
1, 2 
1, 2 
1, 3 
2, 6 
1, 1 
1, 1 
1, 2 
1, 19 
1, 4 
1, 2 
3, 5 
1, 6 
1, 2 
1, 2 
1, 1 
1, 2 
1, 2 
1, 1 
1, 6 
3, 15 
10, 16 
6, 23 
10, 29 
1, 3 
1, 2 
1, 5 
1, 2 
1, 2 
20, 59 
1, 2 
5, 21 
2, 8 
1, 2 
1, 3 
2, 3 
1, 3 
1, 3 
1, 2 
3, 5 
2, 4 
1, 6 
2, 4 
1, 10 
1, 7 
1, 2 
1, 4 
1, 2 
1, 2 
1, 2 
1, 3 
1, 27 
2, 5 
3, 18 
2, 4 
1, 7 
2, 9 
2, 9 
2, 9 
2, 9 
2, 7 
2, 9 
2, 9 
2, 9 
2, 8 
2, 9 
2, 7 
2, 8 
2, 8 
1, 4 
5, 11 
11, 22 
1, 4 
1, 4 
3, 12 
1, 2 
1, 2 
1, 4 
1, 2 
1, 2 
1, 2 
1, 2 
1, 2 
1, 5 
9, 16 
1, 2 
2, 6 
1, 5 
1, 3 
1, 3 
1, 2 
1, 22 
1, 1 
1, 3 
2, 4 
1, 2 
1, 2 
1, 2 
2, 9 
4, 10 
1, 2 
3, 11 
1, 2 
2, 6 
3, 8 
1, 2 
2, 6 
1, 8 
3, 9 
6, 15 
8, 15 
21, 48 
2, 2 
11, 30 
1, 1 
1, 2 
1, 1 
2, 5 
1, 1 
1, 2 
3, 4 
2, 12 
1, 2 
1, 2 
4, 9 
5, 11 
1, 1 
2, 5 
1, 1 
1, 1 
1, 2 
3, 4 
3, 5 
1, 5 
6, 13 
1, 4 
1, 2 
1, 3 
1, 10 
1, 2 
2, 3 
1, 2 
2, 7 
3, 7 
1, 2 
1, 13 
3, 22 
1, 3 
1, 2 
1, 3 
1, 3 
1, 4 
1, 31 
1, 4 
1, 1 
1, 2 
1, 2 
1, 2 
1, 2 
1, 2 
1, 2 
1, 2 
1, 5 
1, 2 
1, 2 
2, 6 
1, 1 
1, 9 
3, 11 
4, 12 
2, 12 
1, 2 
1, 8 
1, 23 
7, 21 
1, 2 
1, 5 
1, 2 
3, 8 
1, 2 
3, 8 
1, 2 
1, 26 
1, 3 
1, 2 
1, 2 
3, 5 
1, 4 
1, 2 
1, 7 
1, 4 
1, 6 
2, 6 
4, 11 
16, 193 
2, 4 
1, 2 
2, 4 
1, 2 
1, 2 
1, 2 
1, 2 
1, 2 
1, 2 
9, 28 
9, 30 
2, 6 
1, 2 
2, 4 
1, 7 
1, 8 
1, 6 
1, 3 
5, 10 
3, 11 
3, 7 
1, 2 
4, 14 
1, 2 
1, 3 
1, 3 
2, 4 
3, 10 
1, 2 
2, 5 
1, 2 
1, 2 
1, 7 
1, 2 
2, 7 
4, 7 
1, 2 
3, 6 
5, 10 
5, 13 
3, 7 
1, 2 
4, 14 
1, 2 
2, 3 
1, 3 
3, 10 
1, 2 
1, 2 
2, 7 
1, 2 
1, 3 
1, 2 
2, 11 
3, 10 
5, 12 
8, 19 
1, 4 
1, 2 
3, 8 
4, 27 
7, 17 
11, 41 
1, 2 
9, 10 
1, 3 
1, 13 
1, 2 
1, 7 
1, 2 
1, 2 
1, 2 
1, 2 
1, 3 
1, 7 
3, 18 
1, 2 
1, 2 
1, 2 
1, 2 
1, 2 
1, 2 
1, 2 
1, 1 
2, 9 
1, 4 
3, 9 
1, 2 
1, 6 
1, 3 
1, 5 
1, 2 
1, 2 
1, 7 
1, 5 
1, 2 
1, 2 
3, 7 
3, 6 
2, 4 
1, 4 
1, 7 
23, 57 
2, 3 
1, 2 
3, 7 
3, 7 
3, 7 
1, 11 
4, 14 
4, 10 
1, 6 
3, 7 
7, 13 
1, 2 
1, 2 
1, 2 
1, 4 
5, 16 
7, 18 
3, 8 
1, 7 
5, 11 
6, 10 
1, 2 
1, 2 
5, 16 
1, 2 
2, 4 
2, 6 
1, 7 
6, 13 
3, 16 
1, 3 
1, 3 
3, 14 
1, 5 
6, 16 
1, 4 
1, 5 
1, 4 
1, 1 
7, 16 
1, 5 
2, 10 
1, 2 
1, 1 
1, 6 
2, 6 
1, 2 
2, 4 
8, 17 
1, 2 
2, 3 
1, 2 
2, 11 
2, 7 
1, 2 
1, 2 
2, 3 
2, 2 
1, 2 
1, 2 
1, 2 
1, 2 
3, 5 
9, 35 
1, 1 
1, 2 
1, 4 
1, 4 
1, 43 
2, 5 
2, 5 
1, 2 
2, 10 
2, 10 
1, 2 
2, 6 
2, 5 
1, 9 
1, 2 
1, 2 
3, 7 
3, 6 
3, 11 
8, 24 
9, 34 
2, 4 
2, 6 
3, 6 
2, 6 
1, 2 
1, 4 
1, 2 
1, 2 
3, 7 
1, 5 
1, 2 
1, 1 
1, 3 
1, 2 
2, 2 
1, 2 
1, 3 
3, 8 
2, 8 
7, 22 
1, 3 
7, 22 
7, 23 
5, 12 
2, 5 
1, 2 
1, 2 
1, 18 
1, 2 
1, 2 
1, 2 
1, 2 
1, 2 
1, 2 
1, 2 
1, 2 
3, 9 
1, 2 
1, 2 
1, 2 
3, 7 
1, 1 
1, 1 
1, 1 
1, 4 
1, 6 
1, 10 
1, 14 
2, 3 
4, 9 
2, 4 
5, 18 
7, 28 
3, 9 
6, 18 
1, 2 
1, 3 
1, 3 
1, 7 
4, 7 
1, 2 
1, 2 
1, 4 
1, 4 
6, 56 
1, 1 
1, 1 
1, 2 
7, 36 
2, 8 
1, 2 
6, 12 
1, 2 
4, 10 
5, 13 
1, 2 
1, 2 
1, 2 
1, 2 
2, 7 
1, 2 
1, 2 
1, 25 
1, 8 
1, 2 
1, 15 
1, 47 
1, 18 
2, 13 
1, 20 
1, 14 
2, 18 
1, 3 
1, 16 
1, 14 
1, 14 
1, 11 
2, 5 
1, 4 
1, 408 
1, 6 
3, 10 
1, 4 
1, 9 
1, 6 
1, 2 
1, 2 
1, 1 
1, 50 
1, 3 
1, 2 
1, 1 
1, 2 
2, 4 
1, 2 
2, 5 
1, 2 
1, 2 
1, 2 
1, 2 
3, 4 
1, 2 
1, 2 
1, 2 
3, 10 
1, 2 
1, 2 
4, 13 
1, 4 
1, 5 
1, 5 
3, 17 
1, 7 
1, 3 
6, 23 
1, 3 
1, 4 
1, 3 
1, 3 
1, 3 
1, 2 
1, 2 
2, 3 
1, 2 
1, 2 
1, 2 
2, 8 
1, 7 
1, 4 
4, 12 
1, 9 
3, 7 
1, 2 
1, 2 
1, 2 
4, 10 
1, 4 
5, 9 
2, 9 
1, 1 
1, 2 
1, 2 
1, 3 
1, 3 
1, 4 
1, 6 
1, 2 
1, 3 
1, 4 
1, 2 
2, 5 
2, 6 
1, 3 
2, 4 
1, 25 
1, 7 
1, 5 
1, 8 
9, 27 
1, 2 
1, 3 
1, 2 
1, 3 
1, 7 
1, 2 
1, 1 
1, 2 
1, 3 
1, 2 
4, 21 
1, 7 
1, 4 
1, 9 
1, 9 
2, 23 
1, 2 
1, 2 
1, 3 
1, 2 
1, 3 
1, 2 
1, 2 
1, 2 
1, 2 
1, 2 
1, 2 
5, 10 
1, 2 
1, 2 
2, 4 
1, 2 
1, 2 
1, 2 
1, 3 
6, 17 
5, 16 
1, 2 
2, 7 
1, 2 
2, 5 
2, 5 
1, 52 
1, 3 
2, 4 
3, 7 
3, 9 
1, 2 
1, 2 
2, 5 
1, 4 
2, 6 
2, 5 
1, 23 
1, 3 
1, 7 
1, 4 
3, 5 
1, 3 
1, 2 
1, 2 
2, 5 
2, 5 
3, 6 
2, 4 
2, 6 
4, 11 
4, 9 
2, 5 
4, 8 
3, 9 
2, 5 
2, 5 
7, 13 
9, 17 
1, 25 
1, 3 
1, 2 
3, 7 
1, 4 
1, 2 
1, 4 
1, 2 
3, 4 
1, 3 
7, 20 
7, 14 
3, 9 
2, 11 
1, 2 
1, 5 
3, 7 
1, 4 
3, 16 
9, 64 
1, 5 
1, 6 
1, 2 
1, 11 
1, 3 
5, 11 
1, 2 
6, 18 
2, 5 
4, 8 
1, 2 
1, 1 
3, 4 
1, 2 
1, 1 
3, 4 
1, 2 
1, 2 
1, 2 
1, 2 
1, 2 
1, 2 
2, 9 
17, 38 
5, 9 
1, 3 
3, 8 
1, 4 
2, 8 
19, 45 
1, 6 
1, 2 
1, 4 
1, 4 
2, 7 
1, 11 
4, 8 
7, 9 
1, 2 
1, 2 
3, 7 
6, 23 
5, 10 
1, 18 
1, 20 
1, 37 
1, 107 
1, 23 
1, 2 
6, 18 
3, 11 
1, 3 
1, 3 
1, 3 
1, 2 
2, 7 
1, 11 
3, 8 
2, 10 
4, 8 
3, 18 
3, 16 
2, 9 
2, 9 
1, 2 
1, 2 
6, 23 
5, 10 
1, 2 
1, 3 
1, 2 
1, 4 
1, 4 
1, 4 
2, 7 
2, 3 
2, 3 
2, 7 
2, 7 
1, 2 
7, 31 
1, 4 
4, 12 
3, 11 
1, 2 
3, 9 
1, 2 
1, 2 
1, 2 
3, 11 
2, 3 
2, 3 
3, 6 
1, 2 
1, 2 
1, 9 
1, 5 
1, 21 
4, 59 
1, 13 
5, 32 
1, 4 
1, 34 
1, 10 
1, 28 
1, 3 
1, 11 
1, 47 
1, 5 
1, 5 
1, 7 
2, 9 
2, 9 
2, 9 
1, 2 
1, 2 
1, 2 
1, 2 
1, 2 
1, 1 
1, 2 
1, 1 
2, 5 
2, 3 
2, 5 
2, 3 
3, 8 
3, 8 
1, 2 
2, 4 
1, 3 
2, 6 
3, 10 
1, 2 
5, 11 
1, 2 
6, 11 
22, 55 
8, 18 
15, 32 
7, 17 
5, 11 
1, 2 
7, 17 
1, 15 
1, 11 
1, 1 
1, 2 
1, 3 
1, 2 
2, 5 
2, 12 
1, 2 
1, 3 
3, 16 
2, 6 
2, 4 
17, 74 
29, 95 
1, 16 
4, 49 
1, 3 
1, 1 
1, 1 
1, 1 
1, 1 
1, 2 
1, 10 
2, 4 
17, 74 
29, 95 
4, 11 
1, 2 
4, 9 
2, 5 
1, 7 
2, 11 
3, 8 
5, 12 
1, 2 
2, 3 
2, 11 
1, 5 
1, 2 
1, 5 
3, 17 
2, 3 
2, 7 
1, 31 
1, 5 
1, 5 
1, 2 
3, 5 
2, 9 
1, 2 
2, 4 
2, 6 
1, 1 
1, 1 
1, 1 
1, 1 
1, 1 
1, 1 
1, 1 
1, 1 
1, 1 
1, 1 
1, 3 
1, 5 
1, 11 
1, 3 
1, 15 
1, 6 
5, 26 
1, 6 
2, 5 
1, 2 
1, 7 
4, 15 
1, 2 
1, 2 
1, 2 
1, 2 
1, 2 
1, 36 
1, 18 
1, 22 
1, 22 
1, 80 
2, 29 
2, 31 
2, 31 
2, 31 
1, 2 
1, 2 
1, 2 
1, 2 
1, 2 
1, 2 
1, 2 
1, 2 
3, 6 
2, 4 
1, 3 
1, 3 
1, 7 
1, 6 
2, 10 
1, 2 
1, 2 
1, 2 
1, 1 
1, 2 
1, 2 
1, 2 
1, 1 
1, 5 
7, 15 
1, 4 
1, 2 
4, 17 
1, 3 
1, 3 
1, 2 
2, 6 
1, 4 
14, 42 
1, 2 
1, 2 
1, 2 
1, 2 
1, 11 
3, 4 
2, 8 
3, 14 
1, 3 
3, 8 
2, 8 
19, 50 
1, 2 
3, 4 
3, 5 
3, 5 
10, 21 
1, 3 
1, 1 
1, 1 
1, 1 
5, 10 
1, 3 
6, 13 
3, 5 
3, 5 
3, 5 
3, 12 
1, 3 
1, 2 
2, 4 
2, 4 
2, 9 
2, 6 
2, 4 
1, 2 
1, 2 
4, 17 
1, 2 
1, 4 
1, 4 
2, 10 
1, 2 
3, 5 
1, 3 
2, 15 
1, 6 
1, 3 
1, 2 
1, 3 
1, 1 
1, 1 
1, 1 
1, 2 
1, 2 
4, 14 
1, 2 
4, 17 
5, 13 
2, 3 
2, 3 
1, 2 
1, 2 
2, 8 
3, 18 
1, 9 
2, 9 
1, 7 
1, 6 
1, 6 
1, 2 
2, 8 
2, 7 
2, 5 
2, 6 
2, 6 
2, 7 
2, 7 
2, 4 
2, 7 
2, 5 
2, 5 
2, 7 
2, 7 
2, 7 
2, 8 
2, 8 
2, 8 
2, 6 
2, 6 
2, 6 
1, 2 
1, 4 
1, 4 
1, 1 
24, 48 
36, 162 
1, 4 
1, 2 
1, 6 
5, 9 
2, 8 
1, 2 
1, 2 
1, 2 
2, 3 
1, 4 
1, 2 
4, 10 
2, 4 
1, 5 
6, 13 
1, 2 
12, 34 
4, 8 
8, 19 
4, 8 
1, 1 
1, 1 
1, 1 
1, 3 
1, 2 
1, 2 
1, 2 
1, 5 
1, 2 
1, 2 
1, 1 
1, 1 
1, 1 
1, 2 
1, 2 
1, 2 
1, 2 
1, 2 
1, 2 
1, 2 
1, 2 
2, 4 
1, 11 
4, 12 
1, 2 
2, 4 
1, 2 
1, 2 
3, 4 
1, 2 
3, 15 
1, 2 
3, 9 
4, 13 
5, 10 
7, 20 
2, 24 
2, 6 
4, 13 
5, 10 
7, 20 
1, 3 
1, 2 
1, 2 
1, 2 
20, 58 
6, 12 
1, 2 
1, 2 
2, 6 
1, 2 
10, 44 
1, 6 
14, 82 
1, 18 
1, 10 
1, 6 
1, 2 
1, 3 
1, 2 
1, 2 
1, 3 
1, 2 
1, 7 
2, 15 
7, 22 
2, 5 
1, 2 
1, 3 
1, 5 
14, 82 
6, 26 
1, 3 
2, 3 
6, 14 
1, 1 
1, 1 
3, 7 
4, 8 
4, 8 
1, 3 
2, 7 
2, 7 
1, 8 
1, 2 
1, 2 
2, 4 
2, 5 
1, 2 
1, 2 
1, 3 
1, 2 
1, 2 
1, 4 
1, 2 
1, 3 
1, 3 
1, 3 
1, 3 
1, 4 
4, 8 
1, 2 
3, 9 
1, 4 
1, 1 
1, 2 
1, 1 
1, 4 
1, 4 
1, 2 
2, 4 
2, 4 
2, 4 
1, 3 
1, 3 
1, 4 
2, 8 
1, 4 
5, 12 
1, 4 
1, 2 
1, 1 
7, 25 
1, 2 
5, 12 
1, 2 
1, 2 
1, 2 
1, 2 
1, 2 
1, 3 
1, 2 
1, 2 
3, 6 
2, 11 
9, 29 
13, 38 
1, 3 
1, 2 
1, 2 
1, 2 
3, 8 
3, 7 
3, 7 
3, 8 
1, 8 
2, 3 
1, 7 
1, 3 
1, 2 
1, 1 
1, 3 
2, 50 
1, 7 
1, 7 
1, 1 
1, 1 
2, 4 
1, 2 
1, 2 
4, 12 
2, 5 
3, 6 
2, 11 
32, 92 
1, 2 
1, 3 
4, 9 
2, 14 
9, 26 
1, 2 
1, 2 
1, 2 
1, 3 
11, 53 
1, 2 
5, 38 
1, 5 
1, 5 
1, 6 
1, 3 
3, 19 
1, 22 
1, 21 
1, 28 
1, 22 
1, 10 
1, 10 
1, 25 
1, 9 
1, 15 
1, 2 
3, 4 
2, 5 
4, 9 
2, 32 
1, 3 
1, 2 
1, 2 
1, 2 
1, 2 
1, 2 
5, 6 
1, 2 
1, 3 
2, 8 
2, 7 
2, 4 
1, 2 
1, 2 
2, 7 
1, 35 
2, 5 
2, 5 
2, 5 
2, 5 
2, 7 
1, 2 
2, 7 
4, 11 
1, 2 
3, 8 
1, 2 
1, 3 
1, 2 
1, 2 
1, 3 
4, 7 
1, 1 
1, 1 
1, 1 
1, 2 
1, 3 
1, 2 
1, 7 
1, 2 
1, 2 
1, 2 
1, 2 
1, 6 
2, 8 
1, 3 
1, 2 
14, 26 
1, 2 
1, 2 
1, 2 
2, 4 
2, 4 
1, 2 
1, 2 
1, 3 
1, 3 
1, 3 
1, 2 
2, 4 
2, 5 
2, 8 
1, 6 
8, 50 
1, 8 
3, 7 
3, 8 
5, 14 
11, 31 
4, 10 
7, 18 
2, 6 
6, 18 
1, 2 
1, 4 
1, 2 
3, 10 
1, 2 
1, 3 
1, 2 
1, 5 
1, 9 
4, 10 
1, 2 
1, 2 
1, 10 
2, 38 
3, 66 
1, 51 
1, 18 
1, 56 
1, 39 
1, 4 
3, 21 
2, 3 
1, 2 
1, 2 
1, 2 
1, 2 
1, 2 
1, 2 
2, 5 
1, 2 
1, 3 
1, 2 
1, 2 
1, 2 
1, 2 
4, 11 
3, 8 
4, 9 
4, 8 
5, 12 
6, 12 
1, 2 
5, 12 
1, 2 
1, 2 
1, 2 
1, 2 
1, 2 
1, 2 
1, 2 
1, 2 
1, 2 
1, 2 
1, 4 
1, 2 
1, 2 
2, 3 
1, 2 
2, 9 
1, 2 
1, 2 
1, 2 
3, 7 
1, 2 
3, 8 
2, 22 
2, 4 
2, 4 
1, 2 
1, 2 
1, 5 
1, 2 
1, 2 
1, 2 
1, 1 
1, 1 
1, 2 
1, 2 
6, 15 
1, 61 
1, 7 
1, 3 
1, 1 
2, 6 
1, 24 
1, 21 
1, 17 
2, 3 
2, 3 
1, 2 
1, 2 
1, 2 
1, 2 
1, 2 
1, 2 
1, 2 
1, 2 
1, 2 
1, 2 
1, 2 
1, 2 
1, 2 
1, 2 
1, 2 
1, 2 
1, 2 
1, 2 
1, 2 
1, 2 
1, 2 
1, 2 
1, 2 
1, 2 
1, 2 
1, 2 
1, 2 
7, 19 
1, 2 
1, 3 
1, 3 
1, 2 
1, 3 
5, 12 
1, 4 
1, 2 
2, 9 
1, 2 
1, 1 
3, 6 
1, 3 
1, 2 
1, 2 
4, 9 
1, 2 
4, 9 
8, 21 
1, 4 
3, 8 
1, 4 
1, 2 
1, 2 
1, 2 
1, 2 
2, 6 
2, 3 
1, 2 
1, 3 
1, 2 
1, 2 
1, 3 
1, 4 
1, 2 
1, 2 
1, 4 
2, 4 
1, 5 
5, 11 
1, 4 
1, 2 
1, 2 
1, 3 
3, 11 
1, 3 
1, 3 
1, 2 
1, 2 
1, 2 
1, 3 
1, 3 
1, 2 
1, 3 
1, 25 
2, 5 
3, 8 
1, 2 
3, 11 
1, 10 
1, 1 
1, 1 
1, 1 
1, 2 
1, 2 
1, 2 
1, 1 
1, 1 
1, 2 
3, 7 
1, 2 
3, 6 
3, 6 
1, 2 
3, 7 
4, 11 
6, 16 
1, 5 
1, 3 
1, 2 
6, 21 
1, 2 
1, 2 
1, 3 
3, 13 
2, 4 
1, 2 
1, 7 
4, 22 
1, 1 
1, 2 
2, 6 
1, 2 
2, 12 
1, 2 
2, 11 
14, 41 
1, 2 
1, 2 
4, 12 
1, 2 
2, 10 
25, 84 
1, 2 
1, 3 
1, 2 
1, 2 
1, 7 
1, 2 
9, 21 
2, 6 
1, 2 
2, 5 
1, 2 
3, 7 
7, 20 
4, 7 
1, 2 
1, 6 
6, 26 
8, 24 
6, 18 
1, 2 
1, 2 
1, 2 
1, 2 
1, 2 
1, 11 
1, 17 
1, 17 
1, 17 
1, 3 
1, 3 
3, 29 
1, 2 
1, 2 
1, 2 
1, 3 
3, 89 
1, 8 
1, 2 
1, 2 
1, 2 
2, 8 
6, 8 
1, 11 
1, 3 
1, 2 
1, 3 
2, 3 
1, 18 
1, 2 
5, 14 
2, 3 
1, 12 
1, 8 
1, 2 
1, 2 
1, 2 
1, 1 
1, 1 
1, 3 
2, 26 
1, 2 
1, 3 
1, 2 
2, 7 
2, 7 
2, 7 
1, 2 
1, 4 
2, 4 
2, 5 
1, 2 
1, 2 
1, 2 
1, 3 
1, 2 
1, 2 
1, 3 
1, 2 
1, 2 
1, 5 
1, 2 
1, 2 
1, 3 
4, 24 
4, 12 
1, 2 
1, 3 
8, 19 
2, 4 
2, 4 
1, 2 
3, 6 
3, 31 
1, 2 
1, 2 
1, 3 
1, 3 
1, 11 
1, 17 
1, 15 
1, 19 
1, 19 
1, 13 
2, 21 
4, 123 
1, 2 
1, 2 
1, 5 
1, 2 
1, 10 
1, 2 
1, 2 
1, 2 
1, 4 
1, 4 
1, 2 
8, 17 
1, 2 
1, 2 
10, 26 
18, 43 
4, 9 
13, 28 
1, 7 
1, 1 
1, 3 
5, 6 
1, 2 
1, 2 
1, 2 
1, 2 
1, 11 
1, 1 
1, 5 
1, 1 
1, 1 
3, 6 
1, 3 
4, 10 
5, 12 
1, 2 
1, 10 
1, 2 
3, 5 
3, 7 
1, 3 
1, 4 
1, 2 
1, 1 
1, 1 
1, 1 
1, 1 
3, 6 
1, 3 
1, 2 
1, 2 
7, 19 
1, 27 
1, 6 
2, 4 
1, 2 
1, 2 
2, 4 
2, 6 
2, 4 
1, 2 
1, 2 
1, 21 
1, 12 
1, 2 
2, 8 
1, 3 
1, 4 
4, 17 
1, 4 
1, 2 
8, 19 
12, 45 
1, 2 
1, 2 
5, 11 
2, 7 
1, 2 
1, 2 
1, 4 
1, 6 
1, 1 
1, 18 
1, 2 
1, 2 
1, 2 
1, 2 
1, 2 
1, 9 
1, 2 
1, 2 
1, 3 
2, 6 
1, 2 
2, 4 
2, 6 
2, 5 
1, 2 
1, 2 
1, 2 
11, 39 
5, 14 
1, 2 
5, 24 
1, 4 
2, 11 
1, 2 
2, 4 
1, 2 
1, 7 
1, 21 
2, 4 
1, 4 
1, 3 
2, 5 
2, 5 
1, 2 
2, 7 
1, 2 
1, 2 
1, 6 
3, 7 
1, 5 
1, 2 
1, 2 
2, 3 
1, 2 
1, 4 
1, 14 
1, 8 
1, 2 
2, 6 
1, 2 
1, 2 
1, 2 
1, 2 
2, 14 
5, 28 
11, 26 
1, 2 
1, 2 
1, 4 
1, 2 
18, 33 
2, 6 
1, 1 
1, 80 
3, 4 
1, 4 
5, 23 
5, 43 
3, 7 
1, 2 
1, 2 
4, 7 
1, 2 
1, 2 
2, 4 
1, 1 
1, 3 
3, 8 
1, 5 
2, 9 
1, 6 
1, 2 
2, 5 
8, 22 
1, 2 
18, 44 
11, 48 
1, 2 
1, 2 
2, 7 
1, 5 
1, 2 
1, 1 
1, 2 
1, 2 
1, 3 
1, 2 
1, 2 
4, 24 
2, 5 
3, 6 
2, 5 
2, 4 
2, 3 
2, 4 
1, 2 
1, 1 
1, 1 
1, 2 
1, 2 
1, 2 
1, 2 
1, 5 
1, 2 
1, 2 
1, 2 
1, 2 
3, 14 
3, 8 
4, 13 
4, 15 
1, 2 
1, 2 
1, 3 
3, 12 
4, 15 
6, 14 
8, 15 
1, 2 
1, 3 
1, 3 
1, 6 
1, 3 
1, 2 
1, 2 
1, 2 
1, 2 
1, 2 
1, 2 
1, 1 
2, 9 
3, 8 
9, 31 
1, 2 
1, 1 
1, 5 
1, 2 
1, 2 
1, 8 
2, 17 
2, 18 
2, 19 
1, 23 
2, 5 
1, 2 
2, 6 
5, 12 
2, 6 
3, 19 
1, 3 
1, 3 
1, 2 
1, 3 
1, 5 
3, 21 
39, 131 
1, 8 
3, 8 
2, 13 
1, 2 
13, 33 
2, 6 
3, 19 
1, 3 
1, 3 
1, 2 
1, 5 
3, 21 
1, 5 
1, 2 
2, 4 
4, 11 
1, 4 
1, 10 
1, 2 
9, 23 
4, 9 
18, 66 
2, 3 
1, 3 
1, 2 
1, 11 
1, 1 
1, 2 
1, 2 
1, 8 
1, 5 
1, 2 
1, 6 
1, 2 
1, 2 
1, 2 
1, 2 
2, 5 
1, 2 
2, 4 
1, 1 
2, 3 
1, 1 
7, 21 
3, 4 
1, 1 
1, 1 
5, 17 
1, 5 
1, 2 
2, 15 
1, 2 
1, 2 
1, 40 
2, 4 
1, 2 
1, 2 
2, 4 
2, 4 
1, 2 
1, 2 
1, 2 
2, 6 
2, 8 
2, 8 
1, 3 
2, 7 
1, 2 
1, 4 
1, 2 
2, 4 
1, 3 
4, 9 
1, 2 
1, 2 
1, 2 
5, 12 
1, 2 
5, 15 
1, 2 
1, 2 
2, 4 
2, 4 
5, 15 
1, 2 
1, 4 
1, 2 
1, 2 
1, 2 
2, 6 
1, 4 
1, 1 
1, 4 
5, 24 
1, 4 
3, 13 
1, 1 
1, 4 
5, 24 
5, 18 
1, 5 
1, 2 
2, 3 
2, 4 
1, 15 
2, 103 
4, 8 
7, 56 
1, 3 
2, 8 
2, 9 
2, 3 
1, 1 
1, 1 
1, 1 
1, 1 
5, 8 
3, 7 
1, 2 
1, 2 
1, 4 
1, 5 
1, 6 
2, 5 
1, 4 
1, 2 
1, 2 
2, 10 
15, 71 
2, 3 
1, 2 
1, 2 
1, 2 
1, 2 
1, 13 
1, 2 
1, 2 
1, 2 
1, 2 
2, 7 
8, 16 
1, 2 
3, 10 
3, 10 
1, 2 
1, 3 
5, 14 
1, 2 
1, 18 
1, 2 
1, 2 
1, 2 
1, 2 
1, 3 
1, 2 
1, 2 
4, 21 
2, 6 
4, 9 
1, 7 
1, 6 
2, 8 
2, 6 
1, 4 
2, 7 
1, 2 
2, 4 
2, 4 
2, 4 
8, 15 
5, 10 
6, 14 
9, 74 
4, 8 
1, 7 
1, 2 
4, 19 
1, 18 
1, 2 
1, 2 
1, 2 
1, 2 
1, 2 
1, 2 
1, 2 
1, 6 
2, 6 
5, 10 
1, 6 
1, 4 
1, 10 
1, 5 
10, 20 
10, 23 
1, 2 
1, 2 
2, 4 
2, 5 
3, 8 
2, 4 
2, 12 
3, 13 
3, 8 
1, 2 
9, 37 
1, 2 
1, 2 
1, 2 
1, 2 
4, 11 
1, 2 
1, 3 
2, 7 
1, 4 
1, 2 
2, 9 
1, 2 
1, 2 
1, 2 
1, 2 
1, 2 
1, 2 
1, 2 
1, 3 
1, 16 
1, 4 
1, 2 
4, 13 
1, 2 
1, 5 
1, 5 
1, 2 
2, 5 
1, 2 
1, 2 
2, 4 
9, 17 
1, 6 
2, 5 
2, 5 
1, 6 
5, 8 
2, 5 
1, 2 
3, 58 
2, 10 
1, 6 
2, 5 
2, 5 
2, 5 
3, 9 
1, 3 
1, 2 
1, 2 
1, 2 
1, 15 
2, 8 
1, 15 
1, 4 
1, 2 
1, 2 
1, 3 
1, 3 
1, 3 
1, 4 
1, 2 
1, 2 
5, 10 
1, 3 
1, 3 
1, 3 
1, 2 
1, 4 
1, 2 
1, 2 
1, 2 
1, 3 
1, 2 
2, 5 
5, 11 
1, 3 
9, 21 
2, 4 
1, 2 
2, 6 
3, 9 
1, 2 
6, 13 
1, 2 
1, 2 
1, 2 
2, 6 
1, 2 
2, 5 
1, 2 
1, 5 
1, 16 
2, 6 
5, 15 
1, 2 
1, 10 
1, 4 
1, 8 
1, 5 
1, 2 
1, 2 
2, 11 
4, 16 
1, 2 
1, 2 
1, 2 
1, 4 
2, 7 
1, 3 
2, 5 
3, 13 
1, 5 
1, 4 
1, 2 
1, 2 
1, 2 
1, 1 
1, 1 
1, 1 
1, 1 
1, 1 
1, 1 
1, 1 
1, 1 
1, 1 
1, 1 
1, 2 
1, 4 
1, 2 
1, 3 
1, 3 
1, 2 
2, 4 
2, 8 
3, 9 
1, 2 
2, 6 
1, 2 
1, 2 
1, 2 
1, 2 
3, 15 
2, 4 
1, 7 
2, 7 
1, 2 
1, 3 
1, 2 
1, 3 
1, 11 
1, 2 
1, 2 
1, 3 
7, 31 
5, 20 
1, 1 
1, 2 
1, 3 
1, 2 
1, 2 
1, 2 
1, 2 
1, 6 
1, 29 
1, 9 
1, 9 
1, 15 
1, 24 
1, 2 
1, 24 
3, 8 
3, 5 
1, 2 
4, 9 
1, 3 
1, 2 
5, 14 
1, 1 
1, 5 
1, 5 
4, 5 
2, 6 
1, 2 
1, 4 
1, 7 
1, 8 
1, 6 
1, 13 
1, 4 
1, 2 
1, 2 
3, 5 
3, 6 
1, 3 
1, 2 
4, 16 
2, 5 
2, 8 
1, 2 
5, 26 
3, 12 
1, 2 
1, 2 
1, 1 
1, 2 
1, 2 
8, 22 
8, 23 
2, 3 
3, 11 
3, 8 
5, 11 
1, 3 
1, 2 
2, 6 
2, 6 
3, 12 
1, 3 
1, 2 
2, 4 
2, 4 
1, 2 
6, 15 
6, 20 
3, 8 
2, 8 
1, 2 
1, 2 
1, 2 
1, 2 
4, 11 
8, 16 
4, 7 
1, 2 
1, 2 
4, 10 
4, 5 
1, 2 
1, 2 
2, 4 
3, 8 
1, 2 
1, 2 
1, 5 
1, 9 
1, 18 
1, 14 
6, 18 
1, 4 
1, 2 
2, 3 
1, 3 
2, 7 
4, 11 
4, 47 
1, 2 
1, 2 
2, 4 
2, 4 
1, 3 
1, 2 
1, 45 
1, 1 
1, 3 
1, 2 
1, 2 
1, 2 
3, 5 
1, 2 
3, 5 
1, 2 
1, 2 
3, 5 
1, 2 
1, 2 
1, 2 
1, 2 
1, 2 
1, 7 
1, 4 
2, 7 
1, 5 
13, 26 
1, 4 
7, 16 
3, 10 
2, 8 
1, 2 
1, 2 
1, 2 
2, 5 
1, 1 
1, 2 
1, 4 
2, 5 
1, 2 
5, 7 
1, 30 
1, 4 
2, 5 
1, 2 
6, 18 
1, 2 
1, 3 
2, 6 
1, 3 
3, 7 
1, 2 
2, 3 
8, 17 
1, 2 
2, 5 
5, 17 
4, 10 
1, 1 
4, 8 
5, 13 
1, 6 
1, 2 
1, 9 
1, 9 
1, 9 
1, 9 
1, 9 
1, 9 
1, 9 
1, 2 
1, 2 
1, 3 
1, 2 
1, 2 
1, 2 
3, 6 
1, 2 
2, 6 
1, 2 
1, 2 
2, 19 
2, 7 
1, 5 
1, 14 
1, 5 
1, 3 
2, 11 
1, 3 
2, 11 
2, 3 
6, 13 
4, 14 
4, 7 
1, 2 
1, 9 
1, 4 
1, 4 
1, 2 
1, 2 
1, 5 
1, 2 
1, 7 
1, 2 
1, 4 
1, 12 
2, 13 
1, 2 
1, 2 
1, 21 
8, 17 
2, 8 
2, 10 
2, 10 
2, 4 
2, 4 
2, 6 
2, 4 
1, 2 
1, 1 
7, 13 
3, 6 
3, 6 
3, 9 
13, 22 
3, 13 
3, 6 
5, 9 
5, 7 
1, 3 
1, 2 
1, 2 
1, 2 
1, 3 
1, 13 
1, 13 
1, 13 
1, 8 
5, 18 
1, 2 
1, 3 
1, 2 
1, 2 
2, 4 
2, 5 
1, 2 
1, 1 
2, 4 
2, 5 
2, 5 
1, 2 
4, 6 
5, 9 
6, 12 
11, 18 
1, 3 
1, 3 
2, 58 
1, 3 
4, 11 
17, 55 
4, 19 
1, 1 
4, 9 
4, 6 
5, 9 
2, 4 
1, 2 
2, 6 
2, 3 
1, 3 
1, 3 
1, 5 
4, 15 
1, 2 
1, 18 
1, 3 
1, 10 
3, 8 
1, 8 
1, 7 
2, 27 
1, 2 
1, 2 
2, 4 
1, 3 
1, 4 
1, 4 
4, 12 
1, 2 
1, 2 
2, 3 
1, 3 
3, 7 
1, 4 
7, 17 
1, 4 
3, 13 
2, 10 
2, 3 
1, 2 
4, 11 
1, 2 
1, 2 
4, 10 
1, 2 
1, 2 
1, 2 
1, 7 
1, 6 
1, 2 
1, 3 
1, 2 
2, 5 
1, 2 
1, 2 
1, 2 
1, 2 
1, 2 
1, 2 
1, 2 
1, 2 
1, 2 
1, 2 
1, 2 
1, 2 
1, 2 
1, 2 
1, 35 
1, 7 
1, 2 
1, 2 
1, 3 
1, 2 
2, 5 
1, 2 
1, 2 
1, 2 
1, 2 
1, 2 
1, 2 
1, 2 
1, 2 
1, 2 
1, 2 
1, 2 
1, 2 
1, 2 
1, 2 
1, 2 
1, 3 
1, 5 
1, 1 
1, 3 
2, 61 
3, 37 
2, 21 
1, 2 
1, 3 
1, 2 
2, 4 
1, 2 
1, 4 
1, 3 
1, 3 
1, 26 
1, 3 
1, 2 
1, 2 
1, 2 
1, 2 
1, 3 
2, 5 
1, 2 
1, 2 
1, 2 
1, 2 
1, 3 
1, 3 
1, 2 
1, 2 
1, 3 
2, 13 
1, 2 
1, 2 
1, 3 
1, 3 
2, 12 
1, 2 
1, 3 
1, 2 
1, 2 
1, 3 
1, 2 
1, 2 
1, 3 
2, 13 
1, 2 
1, 2 
1, 2 
1, 3 
1, 3 
1, 2 
1, 2 
1, 2 
2, 12 
1, 2 
1, 2 
1, 3 
1, 2 
1, 2 
1, 2 
1, 2 
1, 2 
1, 2 
2, 10 
1, 2 
1, 2 
1, 2 
1, 2 
1, 3 
2, 14 
1, 1 
1, 4 
1, 2 
1, 2 
1, 2 
1, 2 
1, 2 
1, 2 
1, 1 
1, 2 
17, 85 
1, 2 
1, 20 
1, 2 
1, 6 
19, 75 
4, 19 
1, 2 
2, 5 
2, 4 
1, 2 
2, 4 
1, 2 
1, 2 
2, 5 
1, 2 
1, 2 
1, 3 
1, 3 
1, 9 
1, 3 
1, 2 
1, 2 
1, 2 
1, 2 
1, 2 
1, 1 
1, 2 
1, 2 
1, 2 
1, 2 
1, 2 
1, 2 
1, 2 
1, 2 
1, 2 
1, 2 
1, 2 
1, 1 
1, 1 
1, 2 
1, 2 
1, 2 
1, 2 
1, 1 
1, 2 
1, 2 
1, 3 
1, 2 
1, 2 
1, 8 
10, 17 
1, 4 
1, 2 
2, 9 
1, 2 
1, 7 
1, 5 
1, 2 
1, 2 
3, 5 
1, 2 
1, 2 
1, 3 
1, 2 
1, 1 
1, 2 
1, 2 
1, 2 
13, 52 
1, 5 
11, 28 
2, 7 
3, 8 
1, 2 
1, 2 
1, 2 
1, 2 
1, 8 
1, 2 
1, 7 
1, 7 
1, 2 
2, 2 
1, 2 
3, 8 
1, 9 
3, 3 
1, 2 
1, 2 
1, 7 
1, 7 
1, 7 
1, 2 
1, 2 
1, 2 
1, 2 
1, 2 
1, 9 
1, 4 
1, 19 
3, 11 
5, 9 
2, 4 
1, 2 
2, 4 
3, 9 
1, 4 
2, 6 
1, 2 
1, 2 
1, 4 
3, 7 
1, 9 
1, 2 
2, 4 
1, 2 
1, 2 
1, 3 
2, 6 
1, 2 
1, 2 
1, 2 
1, 2 
1, 2 
4, 20 
1, 3 
1, 2 
1, 2 
1, 4 
1, 39 
1, 4 
3, 6 
2, 5 
1, 2 
1, 2 
2, 3 
2, 7 
1, 5 
1, 2 
3, 15 
6, 16 
1, 3 
6, 13 
1, 2 
1, 2 
3, 4 
1, 2 
1, 2 
2, 3 
2, 3 
1, 2 
2, 4 
2, 5 
2, 6 
2, 4 
1, 2 
2, 4 
1, 2 
1, 2 
2, 5 
2, 6 
1, 2 
1, 4 
3, 19 
2, 4 
3, 8 
1, 2 
1, 2 
2, 8 
2, 15 
1, 4 
1, 3 
2, 4 
1, 2 
4, 10 
1, 2 
1, 2 
1, 2 
1, 2 
1, 2 
1, 2 
1, 2 
1, 3 
1, 4 
1, 5 
1, 2 
1, 3 
2, 2 
1, 2 
1, 2 
1, 1 
2, 6 
2, 6 
3, 5 
1, 3 
1, 2 
1, 1 
1, 2 
4, 5 
1, 2 
4, 13 
1, 2 
1, 1 
1, 2 
1, 2 
1, 2 
1, 2 
1, 2 
1, 2 
1, 2 
1, 2 
1, 2 
1, 2 
1, 1 
1, 2 
1, 4 
1, 4 
1, 2 
1, 2 
1, 2 
1, 2 
1, 3 
1, 3 
1, 7 
1, 2 
1, 2 
1, 2 
1, 1 
1, 2 
1, 2 
1, 1 
1, 2 
1, 2 
2, 6 
3, 8 
1, 4 
2, 6 
1, 2 
1, 2 
1, 3 
1, 2 
1, 2 
3, 15 
2, 7 
1, 2 
1, 10 
1, 10 
3, 7 
1, 2 
2, 7 
4, 13 
2, 4 
1, 1 
1, 1 
9, 15 
1, 2 
2, 2 
1, 2 
11, 35 
1, 3 
10, 23 
1, 2 
1, 7 
5, 10 
2, 5 
3, 10 
2, 7 
2, 4 
2, 8 
11, 23 
3, 9 
1, 2 
1, 3 
1, 3 
1, 1 
1, 1 
1, 1 
1, 4 
1, 4 
2, 5 
1, 2 
1, 2 
1, 3 
1, 2 
1, 3 
1, 2 
1, 3 
1, 2 
1, 1 
2, 6 
1, 4 
2, 6 
1, 2 
1, 2 
1, 2 
1, 2 
2, 7 
2, 7 
1, 3 
1, 7 
1, 6 
1, 2 
1, 2 
1, 1 
1, 2 
1, 19 
2, 9 
1, 2 
3, 6 
1, 4 
2, 7 
12, 29 
1, 3 
2, 3 
1, 2 
1, 5 
1, 4 
1, 2 
1, 3 
1, 3 
1, 39 
1, 2 
3, 8 
2, 4 
1, 25 
1, 2 
4, 15 
2, 8 
1, 2 
2, 5 
1, 4 
2, 5 
1, 2 
2, 10 
5, 8 
3, 4 
1, 2 
1, 2 
4, 15 
2, 8 
1, 2 
1, 2 
2, 5 
1, 4 
2, 5 
1, 2 
2, 10 
1, 2 
1, 2 
1, 2 
1, 2 
2, 5 
1, 4 
13, 35 
3, 7 
1, 3 
4, 14 
1, 2 
1, 4 
1, 2 
1, 2 
3, 7 
1, 3 
4, 14 
3, 6 
1, 2 
1, 2 
1, 2 
1, 2 
1, 7 
3, 8 
4, 20 
3, 11 
4, 7 
2, 8 
7, 24 
1, 2 
5, 6 
1, 2 
1, 2 
1, 2 
1, 5 
1, 3 
7, 24 
7, 24 
5, 15 
1, 2 
7, 17 
7, 14 
1, 2 
1, 2 
1, 2 
1, 2 
1, 2 
1, 3 
3, 8 
1, 2 
1, 2 
1, 2 
1, 2 
1, 2 
22, 68 
2, 5 
5, 11 
1, 2 
9, 26 
4, 17 
1, 2 
1, 2 
1, 2 
1, 2 
7, 22 
7, 12 
2, 10 
1, 4 
19, 53 
1, 5 
2, 5 
4, 10 
3, 10 
2, 6 
4, 12 
3, 4 
3, 4 
8, 19 
1, 1 
5, 7 
3, 7 
3, 7 
4, 9 
1, 2 
4, 13 
4, 7 
3, 7 
1, 1 
1, 1 
1, 7 
14, 66 
1, 2 
5, 5 
4, 8 
1, 2 
3, 8 
1, 3 
1, 2 
1, 2 
1, 2 
1, 2 
1, 2 
1, 2 
1, 2 
1, 2 
1, 2 
1, 2 
1, 2 
1, 3 
1, 3 
1, 3 
1, 2 
5, 11 
1, 2 
1, 2 
8, 19 
2, 4 
1, 3 
4, 9 
2, 7 
1, 3 
1, 4 
5, 11 
3, 7 
1, 3 
1, 2 
2, 5 
1, 2 
1, 2 
1, 2 
1, 2 
2, 4 
2, 5 
2, 4 
2, 4 
1, 2 
2, 10 
1, 7 
1, 2 
1, 2 
3, 8 
3, 9 
3, 11 
1, 2 
1, 4 
1, 14 
2, 4 
2, 7 
2, 3 
1, 2 
2, 4 
1, 2 
2, 4 
1, 2 
1, 2 
1, 2 
1, 2 
1, 2 
1, 2 
1, 2 
1, 2 
2, 13 
15, 45 
1, 2 
1, 6 
6, 15 
5, 14 
5, 14 
5, 11 
1, 1 
1, 1 
2, 4 
1, 2 
1, 2 
1, 2 
3, 5 
5, 35 
1, 2 
1, 2 
1, 2 
1, 2 
1, 2 
1, 2 
1, 2 
1, 5 
1, 4 
1, 6 
1, 8 
1, 12 
1, 15 
8, 34 
1, 12 
2, 5 
1, 2 
2, 3 
2, 8 
2, 8 
2, 7 
1, 6 
1, 2 
7, 28 
3, 7 
2, 4 
3, 9 
1, 9 
2, 7 
6, 23 
3, 15 
3, 8 
3, 8 
3, 7 
2, 6 
3, 8 
1, 2 
1, 2 
1, 1 
1, 2 
4, 21 
1, 25 
1, 2 
1, 2 
1, 3 
1, 2 
1, 3 
1, 2 
1, 4 
1, 1 
1, 2 
1, 9 
3, 16 
1, 2 
1, 2 
1, 3 
1, 2 
1, 3 
3, 6 
1, 4 
2, 7 
11, 29 
1, 2 
1, 4 
1, 47 
1, 42 
1, 5 
1, 3 
1, 52 
1, 4 
6, 33 
1, 2 
2, 8 
1, 2 
2, 4 
2, 6 
1, 2 
1, 2 
1, 2 
1, 2 
1, 18 
1, 3 
3, 8 
1, 2 
3, 5 
1, 4 
1, 2 
7, 23 
3, 7 
1, 2 
1, 3 
1, 2 
1, 2 
4, 15 
4, 14 
1, 4 
2, 3 
1, 3 
3, 9 
6, 13 
1, 2 
1, 2 
1, 2 
1, 2 
1, 21 
1, 6 
1, 4 
1, 3 
2, 5 
3, 10 
3, 10 
1, 7 
1, 3 
1, 2 
1, 3 
28, 79 
1, 2 
1, 1 
1, 3 
1, 3 
1, 3 
1, 3 
2, 5 
2, 5 
1, 3 
1, 3 
1, 4 
1, 4 
1, 4 
1, 3 
1, 3 
2, 6 
1, 4 
1, 4 
1, 2 
1, 2 
2, 4 
3, 8 
2, 4 
1, 2 
1, 2 
4, 4 
4, 4 
1, 2 
6, 18 
1, 2 
3, 8 
1, 2 
1, 2 
1, 2 
6, 13 
5, 18 
2, 8 
1, 3 
1, 6 
1, 5 
5, 9 
1, 1 
1, 1 
1, 3 
1, 3 
1, 1 
1, 1 
1, 4 
1, 2 
1, 12 
1, 2 
1, 2 
1, 2 
1, 3 
1, 3 
1, 3 
1, 3 
1, 3 
1, 3 
1, 11 
1, 15 
1, 6 
1, 17 
2, 8 
3, 6 
1, 2 
2, 7 
1, 2 
6, 19 
2, 8 
1, 5 
1, 2 
3, 15 
3, 7 
12, 35 
1, 2 
1, 2 
1, 2 
1, 2 
2, 3 
7, 15 
1, 3 
1, 3 
1, 3 
1, 3 
1, 3 
1, 3 
1, 3 
1, 11 
1, 15 
1, 23 
1, 2 
1, 15 
1, 2 
1, 3 
1, 2 
1, 2 
1, 2 
2, 3 
1, 7 
6, 13 
2, 4 
1, 2 
1, 5 
1, 6 
1, 3 
1, 2 
1, 1 
2, 7 
4, 13 
2, 5 
2, 4 
3, 5 
4, 12 
1, 3 
1, 3 
1, 3 
1, 3 
1, 4 
4, 12 
1, 1 
1, 1 
10, 32 
1, 2 
1, 6 
1, 21 
1, 7 
1, 5 
1, 7 
2, 5 
1, 4 
1, 3 
1, 1 
1, 1 
1, 1 
1, 2 
1, 3 
1, 2 
1, 2 
2, 5 
5, 7 
1, 2 
1, 2 
1, 2 
8, 22 
2, 5 
2, 5 
5, 7 
1, 4 
1, 2 
1, 2 
1, 2 
3, 9 
1, 2 
2, 4 
1, 2 
1, 3 
1, 2 
1, 5 
2, 51 
1, 2 
1, 2 
1, 3 
18, 44 
2, 5 
1, 2 
1, 2 
1, 4 
1, 4 
1, 2 
1, 1 
1, 3 
1, 2 
1, 2 
2, 5 
3, 10 
2, 15 
1, 8 
1, 2 
2, 5 
2, 10 
2, 9 
2, 10 
2, 9 
2, 9 
2, 4 
1, 2 
1, 1 
5, 10 
2, 12 
8, 23 
3, 8 
1, 15 
1, 5 
1, 3 
1, 3 
1, 6 
1, 1 
1, 1 
1, 1 
1, 1 
1, 1 
1, 1 
1, 2 
1, 2 
1, 4 
4, 13 
4, 11 
1, 2 
8, 26 
1, 2 
1, 2 
2, 6 
1, 2 
1, 2 
1, 2 
2, 5 
1, 2 
1, 3 
5, 9 
5, 10 
3, 4 
5, 10 
3, 5 
4, 15 
4, 20 
10, 21 
4, 12 
1, 5 
1, 2 
2, 3 
2, 10 
1, 2 
1, 2 
1, 2 
1, 2 
1, 2 
2, 10 
1, 2 
1, 2 
1, 2 
1, 4 
1, 2 
1, 2 
1, 2 
1, 2 
1, 2 
2, 10 
1, 2 
1, 2 
2, 10 
1, 2 
1, 2 
1, 4 
4, 8 
1, 2 
1, 2 
1, 2 
1, 2 
1, 5 
1, 2 
1, 11 
1, 2 
3, 11 
3, 7 
1, 2 
6, 19 
1, 3 
7, 29 
5, 18 
1, 1 
1, 3 
2, 4 
1, 8 
2, 4 
2, 4 
2, 4 
1, 2 
12, 26 
7, 12 
1, 2 
1, 2 
1, 2 
1, 3 
1, 3 
1, 2 
1, 4 
1, 3 
2, 2 
2, 2 
2, 4 
1, 3 
1, 2 
1, 3 
1, 2 
2, 6 
16, 37 
1, 3 
1, 5 
2, 7 
4, 7 
1, 1 
1, 1 
1, 1 
1, 1 
1, 1 
7, 20 
4, 10 
1, 2 
1, 11 
1, 5 
1, 2 
2, 9 
1, 2 
1, 2 
1, 2 
1, 2 
1, 2 
1, 2 
1, 2 
1, 2 
1, 2 
1, 2 
18, 76 
7, 13 
1, 2 
1, 2 
2, 4 
1, 2 
3, 8 
1, 3 
1, 2 
1, 1 
4, 11 
1, 2 
1, 2 
1, 2 
1, 3 
2, 4 
2, 4 
2, 4 
2, 4 
2, 4 
2, 4 
1, 2 
1, 2 
7, 18 
1, 2 
1, 2 
1, 2 
3, 7 
3, 10 
4, 11 
2, 6 
1, 2 
1, 4 
1, 2 
2, 4 
5, 12 
1, 2 
1, 2 
25, 53 
1, 6 
1, 1 
1, 2 
1, 2 
2, 11 
21, 54 
5, 14 
3, 11 
1, 3 
1, 2 
3, 10 
4, 11 
4, 10 
2, 7 
2, 9 
2, 15 
2, 4 
8, 17 
1, 2 
2, 4 
2, 42 
1, 12 
2, 6 
2, 7 
2, 7 
2, 8 
2, 7 
2, 7 
2, 7 
2, 8 
2, 8 
2, 9 
2, 4 
2, 4 
2, 4 
2, 4 
2, 4 
2, 5 
2, 5 
1, 2 
1, 2 
1, 4 
1, 2 
1, 1 
6, 12 
19, 52 
1, 2 
2, 4 
1, 2 
1, 2 
1, 2 
2, 3 
1, 3 
1, 1 
2, 5 
1, 3 
2, 11 
2, 7 
1, 2 
1, 3 
1, 18 
1, 2 
1, 4 
1, 3 
2, 4 
1, 2 
2, 4 
1, 6 
15, 34 
1, 1 
1, 2 
1, 4 
1, 3 
5, 9 
5, 8 
5, 8 
5, 8 
7, 13 
1, 6 
2, 46 
2, 9 
1, 8 
2, 5 
2, 6 
1, 3 
1, 2 
1, 5 
1, 3 
1, 2 
1, 2 
1, 2 
2, 8 
2, 5 
1, 1 
1, 3 
12, 26 
1, 2 
1, 2 
1, 1 
1, 1 
1, 1 
1, 1 
1, 5 
1, 13 
2, 16 
1, 2 
1, 2 
1, 2 
1, 2 
1, 2 
4, 7 
4, 9 
1, 3 
3, 6 
8, 21 
1, 5 
1, 4 
1, 2 
2, 4 
2, 6 
1, 2 
1, 2 
1, 2 
2, 6 
2, 3 
1, 2 
1, 4 
1, 2 
3, 20 
1, 7 
1, 1 
1, 2 
1, 3 
1, 2 
1, 2 
1, 2 
1, 5 
1, 2 
1, 2 
1, 2 
1, 5 
3, 10 
1, 3 
1, 2 
1, 2 
4, 11 
1, 3 
1, 2 
2, 12 
7, 18 
2, 12 
5, 19 
1, 9 
1, 2 
1, 2 
1, 2 
1, 2 
1, 2 
1, 22 
1, 2 
1, 2 
1, 2 
1, 2 
1, 21 
2, 4 
1, 2 
10, 27 
1, 2 
3, 12 
1, 2 
1, 2 
1, 2 
1, 26 
1, 4 
9, 21 
3, 14 
3, 9 
1, 4 
2, 4 
3, 12 
1, 2 
1, 2 
1, 2 
1, 2 
1, 2 
3, 11 
1, 3 
1, 2 
1, 2 
1, 2 
1, 2 
1, 2 
1, 3 
1, 2 
1, 2 
1, 2 
1, 5 
1, 3 
1, 4 
1, 4 
1, 31 
1, 29 
2, 4 
2, 6 
1, 2 
1, 2 
1, 2 
1, 2 
1, 2 
1, 2 
1, 2 
1, 2 
1, 4 
1, 4 
1, 1 
5, 28 
3, 15 
4, 26 
4, 8 
1, 3 
19, 82 
2, 4 
1, 4 
1, 2 
1, 2 
1, 2 
1, 2 
1, 2 
5, 30 
3, 7 
2, 4 
1, 2 
1, 2 
1, 2 
4, 18 
1, 2 
1, 2 
5, 23 
1, 2 
1, 2 
2, 7 
3, 12 
1, 2 
1, 8 
1, 7 
4, 11 
1, 7 
1, 4 
7, 19 
3, 9 
20, 56 
7, 17 
1, 6 
2, 10 
1, 2 
8, 23 
4, 8 
1, 4 
9, 24 
9, 28 
5, 16 
33, 113 
7, 31 
4, 12 
2, 6 
4, 11 
4, 8 
20, 46 
2, 2 
3, 6 
4, 8 
3, 6 
2, 7 
6, 22 
1, 12 
2, 6 
2, 4 
3, 10 
1, 2 
4, 21 
1, 4 
1, 11 
1, 2 
4, 9 
2, 5 
1, 2 
2, 18 
1, 2 
1, 3 
1, 3 
1, 2 
1, 2 
1, 2 
1, 15 
1, 3 
4, 15 
2, 7 
1, 2 
14, 44 
1, 6 
7, 24 
1, 1 
17, 43 
1, 2 
1, 2 
1, 2 
1, 2 
2, 6 
1, 5 
2, 6 
13, 37 
1, 1 
2, 5 
1, 4 
1, 1 
1, 1 
1, 1 
1, 1 
1, 1 
1, 1 
4, 6 
3, 10 
3, 10 
2, 5 
2, 4 
1, 1 
1, 1 
1, 1 
4, 8 
1, 2 
4, 12 
1, 2 
1, 3 
10, 32 
4, 11 
1, 21 
2, 5 
1, 2 
1, 2 
2, 5 
1, 2 
1, 2 
1, 2 
1, 3 
1, 3 
1, 3 
1, 2 
5, 14 
5, 11 
1, 7 
1, 2 
1, 5 
1, 2 
2, 5 
5, 8 
3, 7 
1, 3 
1, 2 
1, 2 
1, 4 
15, 43 
2, 4 
2, 4 
2, 4 
1, 9 
1, 2 
3, 7 
1, 2 
5, 16 
76, 80 
7, 13 
6, 13 
2, 5 
1, 2 
8, 22 
1, 2 
2, 3 
7, 16 
1, 3 
2, 4 
2, 9 
1, 2 
2, 5 
1, 2 
3, 10 
1, 2 
3, 6 
1, 4 
5, 15 
1, 2 
8, 17 
2, 13 
3, 7 
3, 7 
7, 20 
1, 2 
1, 5 
1, 2 
5, 10 
1, 2 
4, 9 
4, 9 
2, 6 
2, 3 
2, 12 
2, 4 
1, 4 
1, 2 
1, 2 
1, 5 
8, 15 
2, 6 
1, 2 
2, 4 
3, 51 
1, 3 
1, 5 
3, 7 
3, 9 
1, 2 
1, 3 
1, 5 
1, 2 
1, 3 
1, 2 
1, 4 
1, 2 
1, 1 
1, 3 
1, 1 
1, 1 
1, 1 
2, 11 
1, 4 
1, 2 
4, 12 
1, 1 
2, 4 
7, 42 
4, 8 
4, 8 
9, 21 
1, 2 
2, 4 
1, 4 
1, 2 
1, 2 
1, 3 
1, 6 
1, 3 
2, 7 
1, 2 
1, 2 
2, 10 
2, 4 
1, 2 
1, 3 
1, 2 
1, 2 
7, 16 
1, 2 
2, 2 
2, 2 
1, 2 
1, 2 
4, 8 
5, 14 
4, 9 
1, 2 
1, 2 
4, 9 
1, 2 
1, 2 
1, 4 
4, 11 
2, 12 
57, 161 
2, 4 
4, 9 
4, 6 
2, 4 
1, 5 
24, 51 
1, 2 
1, 5 
1, 5 
1, 3 
2, 3 
1, 2 
1, 2 
1, 2 
1, 4 
6, 11 
1, 3 
1, 1 
3, 6 
1, 4 
1, 5 
1, 5 
1, 2 
1, 2 
1, 2 
1, 2 
1, 2 
1, 4 
2, 3 
2, 3 
1, 2 
1, 2 
5, 12 
1, 2 
1, 2 
1, 2 
1, 2 
1, 1 
3, 4 
6, 32 
1, 2 
5, 11 
12, 51 
5, 9 
1, 2 
2, 5 
1, 2 
1, 2 
3, 4 
3, 8 
1, 2 
4, 15 
1, 4 
3, 8 
3, 6 
1, 4 
2, 6 
1, 2 
7, 17 
1, 29 
1, 2 
3, 9 
1, 7 
1, 8 
4, 10 
1, 4 
1, 2 
1, 2 
3, 4 
1, 2 
2, 5 
1, 2 
1, 2 
1, 4 
1, 2 
1, 2 
1, 2 
1, 2 
1, 2 
1, 2 
3, 4 
1, 2 
1, 2 
1, 2 
1, 2 
1, 2 
1, 2 
1, 2 
3, 7 
1, 2 
1, 2 
1, 2 
1, 2 
1, 2 
45, 91 
15, 31 
8, 16 
13, 25 
1, 2 
1, 2 
2, 6 
2, 6 
1, 2 
1, 2 
1, 2 
1, 2 
1, 2 
1, 2 
1, 3 
1, 4 
6, 15 
1, 7 
2, 2 
2, 7 
2, 7 
1, 4 
7, 17 
4, 10 
1, 2 
1, 2 
1, 23 
1, 3 
1, 2 
1, 2 
5, 13 
1, 2 
3, 5 
1, 2 
2, 3 
1, 1 
1, 1 
3, 8 
2, 4 
2, 3 
2, 5 
4, 10 
4, 12 
2, 4 
2, 4 
4, 14 
1, 6 
1, 2 
1, 21 
1, 2 
1, 3 
2, 3 
3, 8 
1, 2 
4, 13 
1, 2 
1, 2 
1, 3 
1, 2 
1, 2 
1, 2 
1, 4 
1, 3 
2, 19 
1, 23 
1, 1 
1, 2 
1, 2 
1, 4 
2, 7 
1, 6 
1, 2 
1, 3 
1, 2 
4, 14 
5, 11 
1, 2 
2, 5 
1, 2 
2, 12 
1, 2 
2, 14 
2, 21 
5, 12 
1, 9 
1, 4 
1, 10 
2, 3 
1, 2 
3, 7 
3, 7 
1, 2 
1, 2 
1, 4 
1, 1 
1, 2 
3, 6 
1, 4 
6, 15 
1, 4 
1, 4 
2, 5 
1, 2 
1, 2 
1, 2 
1, 4 
1, 4 
1, 13 
1, 17 
1, 12 
5, 53 
1, 2 
1, 4 
1, 2 
1, 2 
1, 5 
8, 23 
1, 3 
5, 14 
2, 8 
2, 5 
1, 2 
1, 2 
1, 2 
3, 4 
1, 4 
1, 2 
1, 5 
2, 3 
1, 2 
1, 2 
2, 4 
1, 3 
3, 7 
3, 12 
1, 2 
5, 21 
1, 2 
1, 2 
2, 8 
2, 3 
2, 5 
1, 2 
1, 2 
1, 2 
1, 1 
1, 1 
1, 4 
9, 24 
1, 1 
1, 3 
1, 5 
1, 2 
1, 2 
1, 2 
1, 2 
15, 37 
1, 2 
5, 10 
5, 17 
1, 1 
3, 3 
1, 2 
1, 2 
1, 2 
1, 2 
3, 3 
3, 3 
1, 2 
1, 2 
1, 3 
4, 10 
6, 9 
1, 2 
1, 10 
1, 24 
2, 5 
1, 2 
3, 4 
1, 2 
1, 2 
5, 16 
1, 1 
1, 2 
1, 2 
1, 2 
4, 8 
2, 4 
2, 4 
1, 3 
1, 4 
1, 3 
1, 2 
1, 5 
1, 3 
5, 15 
2, 8 
1, 4 
1, 5 
1, 13 
7, 32 
1, 4 
7, 20 
2, 3 
7, 23 
1, 4 
1, 3 
3, 6 
3, 6 
7, 13 
4, 10 
4, 13 
1, 2 
1, 2 
1, 2 
1, 3 
1, 3 
1, 2 
1, 3 
3, 17 
2, 7 
1, 2 
1, 2 
1, 2 
1, 8 
1, 5 
1, 10 
1, 2 
1, 2 
1, 2 
1, 4 
1, 3 
2, 12 
2, 4 
2, 11 
1, 3 
1, 4 
4, 10 
1, 2 
2, 4 
1, 2 
1, 2 
1, 2 
1, 2 
1, 5 
1, 2 
3, 27 
1, 3 
14, 30 
1, 3 
7, 16 
1, 2 
1, 8 
1, 5 
2, 5 
1, 2 
1, 2 
1, 2 
1, 2 
1, 2 
1, 2 
1, 2 
3, 7 
1, 2 
1, 2 
1, 2 
2, 6 
2, 4 
1, 2 
1, 3 
2, 3 
1, 2 
1, 4 
1, 2 
1, 2 
1, 2 
1, 2 
5, 6 
1, 2 
3, 6 
3, 6 
2, 5 
1, 2 
8, 16 
1, 2 
1, 2 
1, 1 
1, 2 
1, 2 
1, 2 
1, 2 
1, 2 
1, 2 
1, 2 
1, 2 
1, 2 
1, 1 
1, 5 
1, 4 
1, 4 
3, 10 
7, 14 
1, 2 
2, 4 
1, 3 
1, 2 
1, 7 
4, 14 
1, 1 
1, 2 
1, 2 
1, 2 
1, 1 
1, 1 
1, 7 
1, 4 
1, 8 
1, 5 
16, 31 
1, 2 
1, 2 
1, 3 
2, 6 
1, 3 
1, 5 
3, 8 
2, 4 
1, 4 
1, 47 
5, 18 
1, 1 
1, 2 
1, 2 
1, 1 
1, 4 
1, 2 
2, 6 
2, 3 
1, 2 
7, 37 
2, 4 
2, 6 
1, 3 
1, 8 
1, 2 
1, 4 
1, 5 
1, 2 
2, 14 
2, 4 
1, 2 
1, 3 
1, 2 
2, 4 
2, 3 
2, 3 
1, 2 
1, 2 
1, 2 
1, 2 
1, 2 
2, 4 
1, 5 
1, 5 
1, 4 
1, 2 
5, 15 
6, 15 
5, 13 
6, 14 
4, 6 
1, 1 
1, 1 
1, 2 
1, 2 
1, 2 
1, 2 
6, 26 
3, 11 
3, 5 
2, 5 
2, 4 
1, 2 
1, 17 
1, 1 
1, 3 
1, 2 
2, 4 
1, 5 
2, 4 
1, 2 
1, 2 
2, 7 
1, 11 
1, 2 
2, 4 
1, 6 
3, 10 
3, 10 
1, 2 
8, 19 
3, 6 
1, 2 
1, 3 
1, 2 
1, 2 
1, 3 
1, 3 
1, 2 
2, 2 
2, 4 
2, 4 
4, 7 
4, 7 
1, 2 
1, 2 
2, 4 
1, 3 
1, 2 
1, 1 
1, 1 
1, 2 
1, 2 
14, 30 
1, 4 
1, 2 
2, 4 
2, 5 
2, 6 
6, 45 
1, 2 
1, 2 
4, 7 
1, 4 
1, 2 
2, 4 
2, 5 
13, 98 
2, 6 
4, 7 
1, 2 
4, 13 
4, 15 
4, 13 
4, 13 
1, 2 
1, 2 
1, 2 
1, 2 
3, 9 
2, 3 
1, 5 
1, 2 
4, 7 
1, 2 
2, 5 
2, 6 
1, 2 
4, 13 
4, 13 
1, 1 
1, 2 
1, 2 
1, 1 
1, 1 
1, 1 
4, 12 
2, 4 
2, 4 
5, 11 
1, 2 
1, 32 
2, 4 
1, 2 
1, 3 
1, 2 
2, 12 
2, 4 
1, 2 
1, 5 
1, 2 
1, 2 
1, 3 
1, 2 
1, 2 
1, 2 
1, 2 
1, 3 
1, 2 
1, 2 
7, 25 
1, 8 
1, 2 
2, 8 
1, 2 
1, 5 
2, 5 
4, 10 
1, 2 
2, 4 
1, 2 
2, 5 
1, 4 
9, 16 
1, 2 
2, 9 
1, 4 
1, 2 
2, 5 
2, 8 
1, 1 
1, 2 
1, 2 
1, 2 
1, 3 
1, 2 
1, 2 
1, 2 
1, 3 
1, 3 
1, 16 
2, 11 
1, 7 
1, 2 
1, 2 
1, 2 
1, 1 
1, 2 
1, 2 
4, 13 
1, 1 
1, 2 
1, 6 
1, 3 
1, 3 
1, 3 
1, 9 
1, 3 
1, 1 
5, 6 
1, 2 
1, 1 
3, 8 
1, 2 
2, 3 
1, 3 
1, 3 
1, 5 
1, 7 
2, 17 
1, 2 
1, 2 
1, 2 
1, 2 
1, 2 
1, 2 
2, 48 
2, 5 
2, 3 
1, 20 
2, 7 
1, 9 
1, 8 
1, 2 
18, 61 
1, 2 
1, 2 
1, 3 
1, 2 
1, 2 
3, 6 
1, 5 
1, 2 
1, 2 
1, 2 
9, 17 
1, 5 
1, 2 
1, 2 
2, 3 
1, 7 
2, 7 
1, 2 
5, 11 
3, 9 
1, 5 
9, 19 
1, 2 
2, 10 
1, 3 
1, 3 
1, 3 
2, 5 
1, 1 
1, 5 
5, 10 
1, 2 
6, 18 
5, 19 
2, 4 
3, 10 
1, 3 
6, 16 
1, 4 
3, 10 
1, 2 
3, 6 
3, 12 
4, 17 
23, 37 
10, 16 
4, 18 
3, 11 
2, 4 
2, 10 
1, 1 
1, 1 
1, 2 
5, 5 
5, 12 
1, 2 
2, 2 
2, 2 
5, 9 
10, 17 
1, 3 
4, 14 
1, 3 
1, 2 
1, 2 
1, 2 
1, 2 
1, 3 
1, 1 
3, 9 
1, 5 
1, 24 
1, 7 
1, 2 
1, 2 
1, 2 
1, 2 
1, 11 
20, 53 
1, 3 
3, 12 
8, 20 
10, 23 
2, 10 
5, 26 
7, 22 
3, 13 
3, 12 
1, 2 
1, 2 
1, 2 
1, 2 
1, 2 
1, 2 
1, 2 
1, 2 
1, 2 
1, 4 
2, 7 
2, 18 
3, 7 
2, 7 
1, 3 
3, 8 
1, 4 
2, 8 
1, 2 
2, 3 
2, 3 
2, 7 
2, 7 
1, 2 
1, 2 
1, 5 
1, 34 
2, 5 
5, 12 
3, 5 
10, 19 
2, 8 
1, 3 
1, 1 
1, 2 
1, 3 
1, 2 
1, 2 
1, 4 
1, 2 
1, 4 
1, 2 
2, 3 
1, 2 
2, 3 
1, 4 
1, 2 
1, 2 
3, 24 
9, 21 
6, 23 
1, 2 
1, 15 
1, 23 
2, 6 
1, 2 
1, 2 
1, 2 
2, 5 
1, 1 
1, 2 
1, 2 
1, 2 
1, 4 
1, 2 
1, 4 
1, 8 
1, 2 
1, 4 
1, 17 
3, 17 
1, 3 
1, 15 
1, 5 
11, 29 
1, 4 
1, 10 
1, 2 
2, 4 
1, 2 
1, 2 
2, 4 
1, 2 
2, 5 
2, 5 
3, 7 
1, 2 
2, 4 
1, 2 
1, 6 
2, 5 
3, 5 
1, 4 
1, 6 
1, 4 
1, 3 
1, 2 
1, 3 
7, 19 
1, 2 
2, 6 
1, 4 
1, 4 
1, 2 
2, 5 
3, 7 
3, 7 
2, 4 
2, 4 
1, 2 
1, 6 
1, 6 
1, 2 
2, 5 
3, 5 
1, 4 
2, 4 
1, 2 
7, 17 
1, 1 
1, 2 
1, 3 
1, 5 
1, 4 
1, 2 
1, 2 
1, 2 
4, 9 
1, 4 
2, 8 
16, 39 
1, 3 
3, 7 
1, 3 
1, 1 
1, 2 
14, 81 
2, 5 
1, 2 
4, 14 
1, 2 
1, 2 
1, 6 
1, 1 
1, 1 
1, 1 
1, 1 
1, 2 
1, 2 
1, 2 
1, 2 
1, 2 
1, 8 
1, 2 
3, 5 
1, 2 
3, 10 
1, 3 
1, 6 
1, 2 
1, 5 
1, 1 
1, 2 
1, 2 
2, 3 
1, 3 
1, 6 
1, 6 
1, 2 
1, 3 
1, 40 
1, 2 
1, 2 
1, 13 
1, 3 
1, 6 
1, 13 
1, 4 
6, 15 
1, 9 
1, 5 
1, 6 
1, 4 
1, 2 
1, 2 
1, 3 
2, 4 
3, 6 
4, 10 
1, 1 
1, 1 
1, 2 
18, 44 
3, 7 
7, 19 
3, 16 
2, 4 
2, 4 
3, 6 
2, 6 
1, 1 
2, 6 
1, 2 
1, 5 
6, 13 
6, 12 
18, 44 
2, 8 
7, 19 
1, 2 
1, 2 
1, 2 
1, 9 
1, 2 
1, 141 
1, 2 
11, 29 
1, 2 
1, 2 
1, 2 
1, 2 
2, 5 
1, 2 
3, 8 
1, 2 
7, 17 
1, 2 
1, 3 
1, 2 
1, 2 
1, 2 
2, 4 
4, 6 
1, 1 
1, 2 
1, 2 
1, 2 
7, 14 
2, 6 
7, 20 
1, 2 
2, 6 
4, 11 
7, 20 
4, 11 
5, 14 
1, 2 
6, 12 
1, 3 
1, 2 
1, 2 
1, 2 
1, 2 
3, 7 
2, 8 
1, 6 
1, 14 
1, 2 
3, 6 
1, 2 
1, 2 
3, 9 
1, 2 
3, 10 
3, 6 
1, 2 
3, 6 
1, 2 
2, 5 
3, 10 
3, 5 
3, 6 
2, 4 
2, 4 
1, 2 
1, 2 
2, 5 
