2, 6
1, 3
1, 2
1, 3
1, 4
1, 5
9, 23
1, 3
13, 28
2, 11
8, 14
6, 18
1, 3
6, 23
10, 29
1, 2
1, 3
1, 3
1, 5
1, 5
1, 6
3, 15
16, 31
1, 3
1, 5
1, 3
5, 8
1, 3
1, 3
1, 7
1, 3
1, 16
1, 4
1, 3
1, 5
4, 51
1, 5
1, 4
2, 8
1, 9
1, 4
1, 5
3, 8
1, 3
2, 7
2, 7
1, 5
4, 10
1, 3
1, 3
1, 6
3, 7
8, 23
4, 8
1, 3
2, 5
2, 7
1, 3
1, 3
1, 4
1, 3
2, 9
2, 7
1, 3
1, 2
2, 5
2, 5
4, 12
1, 3
1, 3
1, 5
1, 5
1, 5
1, 3
1, 3
1, 3
2, 6
1, 3
1, 3
1, 3
1, 3
1, 3
2, 16
2, 6
2, 6
2, 4
1, 5
1, 3
1, 3
2, 6
4, 11
1, 3
1, 7
1, 14
1, 4
2, 5
1, 3
4, 30
1, 3
1, 3
1, 3
1, 3
3, 34
1, 3
2, 4
3, 13
3, 8
2, 7
1, 3
1, 3
1, 5
2, 5
2, 14
1, 4
1, 4
1, 5
2, 4
2, 4
4, 9
1, 4
2, 8
2, 4
1, 3
2, 6
1, 3
3, 7
1, 3
5, 12
1, 3
3, 10
1, 4
1, 4
2, 7
4, 20
1, 3
1, 3
1, 3
1, 3
1, 3
2, 8
1, 4
1, 3
1, 3
3, 6
1, 5
1, 3
1, 3
1, 3
2, 5
1, 6
1, 3
1, 3
1, 3
1, 3
1, 3
1, 7
2, 6
9, 74
1, 3
1, 3
1, 3
1, 5
1, 3
1, 3
4, 8
1, 3
1, 3
1, 3
3, 7
1, 3
2, 9
1, 3
1, 3
4, 11
1, 3
1, 3
1, 3
1, 3
4, 10
3, 9
1, 4
1, 3
1, 5
1, 4
1, 3
1, 6
1, 3
2, 4
1, 4
8, 21
2, 14
3, 7
2, 6
1, 2
2, 7
4, 10
1, 3
8, 26
2, 7
1, 5
1, 3
1, 3
1, 3
1, 13
1, 3
8, 26
2, 7
1, 5
1, 3
1, 3
1, 3
1, 2
1, 4
1, 5
14, 31
14, 38
1, 2
1, 2
1, 2
1, 6
1, 9
1, 3
5, 15
1, 3
1, 3
1, 4
2, 9
1, 3
2, 5
12, 31
16, 26
1, 3
1, 3
1, 5
1, 13
1, 4
1, 3
1, 4
1, 3
12, 25
1, 3
4, 14
2, 5
1, 3
1, 2
2, 8
1, 3
1, 3
1, 3
1, 3
6, 15
5, 11
1, 3
1, 3
2, 87
1, 6
4, 21
1, 2
1, 2
1, 4
2, 12
8, 30
10, 17
4, 14
1, 4
1, 7
1, 5
2, 11
2, 8
1, 3
1, 3
1, 3
1, 3
6, 15
5, 11
1, 3
1, 4
3, 5
1, 10
1, 6
1, 3
2, 11
1, 3
1, 9
1, 3
1, 3
1, 4
1, 3
1, 4
1, 5
1, 5
1, 3
1, 5
5, 8
2, 11
1, 3
1, 12
1, 3
1, 3
1, 3
4, 15
2, 4
2, 16
2, 11
1, 5
1, 3
3, 5
1, 3
1, 3
2, 7
2, 6
2, 6
7, 15
7, 15
1, 3
1, 3
1, 3
1, 3
1, 2
1, 2
1, 3
1, 3
1, 3
2, 5
3, 6
7, 15
12, 18
3, 52
2, 5
5, 24
1, 6
3, 18
1, 3
1, 3
1, 3
1, 3
1, 3
1, 3
1, 3
2, 7
3, 7
4, 10
1, 6
16, 43
5, 18
4, 11
2, 3
1, 2
1, 3
1, 3
1, 3
1, 3
3, 9
2, 7
1, 3
2, 4
2, 5
1, 39
1, 3
1, 3
3, 11
6, 10
4, 13
1, 7
1, 6
2, 81
2, 5
4, 17
2, 5
3, 17
1, 5
1, 5
2, 11
1, 5
2, 11
1, 3
1, 3
1, 3
1, 4
2, 26
1, 4
1, 8
3, 14
1, 3
1, 4
1, 3
2, 5
1, 3
1, 2
1, 3
1, 3
1, 3
1, 2
1, 3
2, 19
1, 4
4, 11
2, 8
1, 3
4, 14
2, 5
1, 3
1, 2
1, 3
1, 3
1, 4
2, 6
2, 5
1, 3
2, 6
2, 5
1, 4
1, 3
1, 3
1, 2
1, 3
1, 3
14, 52
1, 3
5, 29
8, 36
1, 3
2, 29
12, 44
1, 9
4, 18
3, 14
4, 10
4, 10
1, 3
1, 4
1, 4
1, 3
1, 3
1, 3
1, 3
1, 3
4, 12
1, 3
1, 8
1, 5
1, 7
1, 8
1, 3
2, 6
1, 4
1, 15
1, 29
1, 8
1, 9
1, 12
3, 22
1, 3
2, 7
2, 7
1, 3
1, 3
1, 5
3, 13
1, 3
1, 3
1, 3
1, 42
1, 3
1, 7
1, 4
2, 4
1, 3
1, 4
1, 4
1, 3
1, 3
2, 5
3, 9
1, 3
2, 21
2, 7
1, 6
1, 11
1, 8
1, 3
1, 14
1, 3
1, 3
1, 3
1, 4
1, 6
1, 4
3, 9
1, 7
1, 9
1, 3
1, 3
1, 16
1, 18
1, 22
1, 3
1, 6
1, 4
1, 4
2, 5
1, 3
1, 6
1, 6
1, 8
1, 15
1, 8
2, 8
3, 10
8, 36
1, 9
2, 6
1, 16
1, 3
1, 3
2, 4
1, 2
1, 3
1, 3
10, 40
16, 62
1, 7
2, 21
1, 6
1, 2
8, 20
1, 4
1, 3
2, 6
2, 4
2, 6
2, 6
2, 4
2, 6
3, 7
8, 19
6, 14
1, 5
1, 3
3, 9
1, 3
1, 3
1, 3
4, 10
1, 3
1, 3
1, 5
4, 83
1, 3
2, 6
1, 4
1, 4
2, 14
1, 7
3, 7
1, 3
1, 3
1, 3
1, 3
1, 10
1, 3
3, 13
1, 3
1, 3
1, 3
1, 4
1, 3
1, 3
1, 4
5, 11
1, 3
1, 10
1, 4
1, 3
1, 3
1, 3
2, 4
2, 5
1, 18
2, 10
1, 3
1, 3
5, 23
2, 5
4, 8
1, 4
7, 18
1, 4
1, 15
1, 6
1, 30
1, 11
4, 14
1, 6
2, 11
1, 8
5, 22
1, 8
1, 6
1, 8
2, 6
1, 6
1, 5
1, 4
2, 6
1, 9
6, 14
1, 3
1, 5
1, 3
9, 32
5, 11
2, 9
3, 14
1, 3
1, 3
2, 5
1, 2
2, 5
1, 5
8, 22
1, 3
4, 9
5, 12
2, 5
2, 4
2, 4
1, 3
1, 3
1, 3
9, 32
5, 11
2, 9
3, 14
1, 3
1, 3
2, 5
1, 2
2, 5
1, 5
8, 22
1, 3
1, 2
8, 21
5, 20
1, 3
15, 45
6, 18
4, 14
6, 14
3, 6
1, 3
1, 3
2, 7
5, 12
1, 3
1, 3
4, 15
4, 16
4, 15
1, 3
1, 3
1, 3
1, 3
4, 10
1, 3
4, 8
1, 4
1, 4
1, 3
1, 3
1, 3
1, 3
1, 3
4, 9
5, 12
2, 5
2, 4
2, 4
1, 3
1, 3
1, 3
2, 5
2, 7
1, 13
1, 3
1, 3
1, 5
1, 2
2, 7
5, 11
3, 8
1, 6
1, 2
1, 6
3, 5
1, 7
4, 11
14, 29
1, 5
3, 11
1, 4
4, 10
6, 11
1, 3
2, 5
1, 3
1, 6
1, 5
3, 9
1, 3
1, 7
3, 10
1, 4
1, 2
1, 2
1, 2
1, 3
1, 2
1, 2
1, 2
1, 2
1, 3
1, 3
1, 3
1, 3
1, 2
1, 3
3, 11
3, 11
6, 32
3, 8
4, 10
4, 15
4, 10
4, 12
3, 7
2, 6
13, 27
5, 17
7, 17
8, 18
1, 2
1, 2
9, 31
1, 2
1, 2
4, 11
1, 3
3, 8
2, 7
1, 3
1, 3
1, 3
1, 12
2, 23
1, 8
1, 4
2, 12
2, 7
1, 4
2, 4
1, 3
1, 3
1, 8
1, 9
1, 7
1, 12
1, 6
1, 3
1, 3
1, 3
1, 3
1, 2
1, 3
1, 3
1, 12
1, 3
4, 12
2, 5
2, 7
2, 8
1, 3
2, 6
1, 3
1, 3
2, 5
2, 7
1, 5
1, 3
1, 3
2, 6
2, 14
1, 3
1, 18
1, 6
1, 7
1, 7
1, 7
1, 3
7, 27
1, 3
5, 13
1, 3
1, 30
2, 18
3, 10
1, 4
14, 31
13, 43
1, 3
1, 6
2, 7
3, 31
1, 3
2, 29
2, 11
1, 6
1, 13
1, 12
1, 5
2, 6
2, 6
3, 8
2, 18
1, 15
1, 8
1, 3
2, 6
2, 9
2, 9
2, 9
2, 10
2, 10
2, 10
2, 10
2, 9
2, 9
2, 9
2, 6
2, 5
2, 4
1, 5
1, 10
1, 2
7, 15
2, 7
8, 20
1, 4
2, 5
2, 5
1, 2
1, 2
1, 2
1, 2
1, 2
1, 3
4, 8
1, 3
1, 3
1, 3
1, 3
1, 5
1, 5
1, 21
1, 10
1, 14
1, 8
1, 11
1, 3
1, 3
1, 3
1, 4
2, 7
6, 25
1, 2
9, 14
1, 3
1, 3
2, 5
2, 5
2, 5
3, 15
1, 4
1, 3
1, 4
1, 4
1, 3
1, 3
2, 5
5, 18
5, 15
1, 3
4, 10
4, 11
3, 9
3, 11
4, 15
1, 5
2, 6
2, 6
3, 3
3, 8
1, 3
1, 3
1, 3
1, 3
1, 3
1, 3
1, 6
1, 9
1, 3
1, 3
1, 5
1, 7
5, 13
1, 5
4, 13
1, 6
1, 3
1, 3
1, 3
1, 3
2, 15
2, 10
2, 5
2, 6
2, 10
1, 4
1, 3
5, 21
11, 33
3, 12
3, 11
1, 3
2, 8
1, 4
1, 3
1, 3
1, 3
1, 3
1, 5
1, 3
1, 3
1, 3
1, 3
1, 3
1, 4
1, 3
1, 6
7, 21
1, 37
1, 3
1, 3
1, 3
1, 4
1, 6
1, 3
1, 5
1, 3
1, 4
1, 4
1, 4
1, 4
1, 4
1, 4
1, 4
1, 6
2, 5
3, 8
1, 3
1, 3
2, 4
1, 3
1, 26
1, 13
14, 39
3, 9
2, 7
3, 12
3, 9
3, 8
9, 22
2, 7
2, 13
2, 7
2, 14
2, 14
18, 45
3, 18
1, 4
1, 5
4, 10
1, 3
1, 3
1, 4
1, 3
1, 4
1, 6
1, 6
1, 6
1, 3
1, 3
1, 3
2, 4
2, 4
1, 4
2, 12
1, 3
1, 5
1, 5
1, 3
1, 3
1, 3
1, 3
2, 5
2, 7
1, 13
1, 100
1, 12
1, 14
4, 27
5, 10
2, 5
6, 11
2, 5
2, 5
1, 3
6, 21
5, 14
1, 4
4, 9
1, 2
1, 3
3, 9
1, 3
19, 86
1, 11
1, 3
1, 3
1, 10
1, 6
25, 65
7, 23
1, 29
2, 11
6, 33
3, 13
2, 5
3, 12
1, 17
2, 8
2, 11
1, 3
1, 3
9, 49
5, 12
3, 31
1, 3
1, 3
4, 12
3, 7
1, 4
1, 3
1, 3
1, 5
1, 5
1, 3
1, 5
1, 3
1, 34
1, 5
1, 3
1, 5
1, 4
1, 3
4, 16
6, 22
1, 6
2, 4
1, 3
2, 4
2, 4
2, 7
1, 6
1, 3
1, 4
1, 3
1, 3
4, 14
7, 36
1, 3
6, 12
1, 3
1, 3
2, 8
1, 6
1, 7
1, 3
1, 3
1, 3
1, 3
1, 3
1, 3
1, 3
2, 6
2, 6
1, 3
1, 4
1, 3
2, 5
1, 3
4, 26
1, 3
3, 7
5, 13
6, 16
4, 13
8, 22
4, 23
5, 19
7, 14
1, 3
1, 3
1, 3
1, 3
1, 3
1, 5
2, 7
1, 3
1, 5
7, 21
1, 3
5, 13
1, 3
1, 4
1, 2
1, 3
1, 5
1, 3
1, 3
1, 3
1, 3
1, 37
1, 4
1, 2
2, 4
1, 7
3, 12
8, 18
2, 6
6, 21
1, 7
1, 6
2, 7
1, 3
7, 28
4, 20
4, 8
3, 9
3, 6
10, 39
1, 3
1, 9
4, 8
3, 12
3, 15
1, 4
1, 3
1, 4
9, 20
1, 6
1, 3
1, 4
1, 4
1, 3
5, 29
1, 3
1, 3
1, 5
6, 13
1, 5
1, 3
1, 3
1, 6
1, 3
1, 3
2, 8
1, 3
1, 25
1, 50
1, 4
12, 37
4, 12
15, 58
3, 10
9, 23
9, 23
9, 26
1, 2
2, 4
1, 2
1, 2
3, 4
1, 3
1, 3
1, 3
1, 3
1, 3
1, 3
1, 3
1, 3
1, 3
1, 3
1, 3
1, 3
2, 11
31, 94
4, 14
1, 3
1, 7
1, 3
3, 87
1, 21
1, 6
1, 3
1, 3
1, 14
1, 3
2, 5
2, 7
1, 5
2, 10
1, 4
1, 2
4, 20
1, 4
1, 19
1, 4
1, 3
1, 3
1, 3
1, 5
1, 5
6, 16
1, 5
3, 8
2, 7
1, 3
1, 2
2, 4
1, 3
1, 3
1, 3
1, 2
1, 14
1, 9
1, 2
2, 4
1, 3
1, 3
1, 3
1, 2
1, 4
1, 3
2, 6
1, 3
1, 3
3, 6
4, 8
3, 5
1, 2
1, 4
1, 4
2, 5
1, 3
1, 3
1, 2
1, 2
2, 6
1, 3
1, 3
1, 3
1, 3
3, 9
3, 8
1, 3
1, 3
1, 24
1, 5
1, 2
1, 4
1, 6
1, 3
1, 5
3, 7
1, 3
3, 6
3, 8
1, 3
2, 6
2, 6
9, 15
12, 34
4, 12
6, 17
4, 12
6, 15
8, 34
6, 16
7, 16
2, 6
5, 13
1, 3
2, 14
1, 4
1, 3
4, 9
1, 3
1, 3
2, 8
1, 3
1, 7
1, 3
1, 3
7, 17
7, 15
1, 3
2, 4
7, 10
3, 12
3, 9
1, 3
1, 5
1, 4
1, 3
1, 4
1, 8
1, 24
1, 4
1, 11
1, 4
1, 3
1, 3
2, 6
2, 13
4, 18
1, 3
1, 3
3, 8
3, 8
4, 7
2, 5
3, 9
3, 10
1, 2
1, 2
1, 2
1, 2
5, 13
1, 3
1, 3
1, 3
1, 3
1, 3
1, 3
1, 3
7, 25
1, 3
7, 24
1, 4
1, 4
7, 13
1, 5
2, 18
1, 3
3, 8
3, 7
1, 3
1, 16
1, 7
1, 3
2, 6
1, 3
1, 5
1, 3
1, 3
17, 70
3, 7
2, 5
1, 4
2, 12
1, 3
1, 3
1, 3
1, 3
1, 3
1, 3
1, 3
1, 7
1, 8
4, 9
1, 5
3, 8
2, 12
5, 11
2, 5
3, 6
1, 3
1, 3
1, 5
3, 4
3, 4
1, 3
1, 3
1, 3
1, 3
5, 13
2, 7
3, 10
1, 3
1, 3
1, 3
1, 3
1, 7
1, 8
4, 9
1, 3
2, 5
2, 4
1, 4
1, 10
1, 6
1, 11
1, 13
1, 5
1, 5
3, 13
1, 3
1, 3
1, 3
1, 27
1, 47
1, 47
1, 3
1, 3
1, 8
1, 2
1, 3
1, 3
1, 3
1, 6
3, 21
2, 7
3, 4
3, 8
3, 13
6, 21
5, 8
1, 2
1, 4
1, 3
1, 19
1, 4
1, 3
1, 5
1, 4
2, 4
1, 24
1, 5
1, 3
1, 3
2, 6
2, 13
2, 10
1, 3
5, 6
3, 10
2, 4
1, 3
1, 3
1, 3
1, 4
1, 3
1, 13
2, 5
1, 3
1, 3
1, 3
1, 3
2, 6
2, 10
1, 3
2, 4
1, 4
3, 11
1, 4
6, 22
5, 20
4, 7
3, 8
5, 25
2, 5
1, 3
1, 4
1, 3
1, 10
1, 3
1, 4
1, 3
1, 10
1, 3
1, 3
1, 3
1, 4
1, 3
1, 10
1, 3
1, 3
1, 3
3, 11
2, 5
1, 3
2, 5
2, 5
2, 5
8, 18
3, 8
3, 8
5, 17
3, 5
1, 3
1, 3
1, 3
6, 9
1, 6
1, 3
2, 6
3, 8
4, 9
2, 4
2, 5
2, 12
1, 3
5, 11
9, 24
1, 3
2, 7
1, 3
5, 18
1, 3
6, 15
5, 10
3, 8
1, 3
1, 4
1, 3
1, 3
1, 3
1, 3
6, 31
1, 3
1, 3
2, 8
1, 3
1, 3
1, 3
3, 8
1, 3
1, 4
4, 11
1, 3
1, 8
1, 7
1, 6
1, 7
1, 6
1, 7
1, 7
1, 7
1, 7
1, 6
1, 6
1, 3
1, 3
1, 4
1, 3
1, 5
2, 21
1, 31
1, 3
1, 5
2, 15
1, 3
1, 3
1, 6
1, 4
1, 3
1, 2
1, 6
1, 5
2, 5
2, 12
2, 9
1, 3
1, 3
1, 3
1, 3
1, 3
1, 3
2, 10
6, 19
1, 3
1, 3
1, 3
1, 3
2, 8
1, 3
1, 3
1, 3
1, 3
2, 6
3, 8
1, 3
1, 3
1, 3
1, 3
2, 3
1, 4
1, 3
1, 3
2, 8
1, 3
1, 3
1, 3
1, 6
8, 24
1, 4
5, 15
2, 9
1, 5
1, 3
1, 8
1, 8
1, 5
1, 4
1, 3
1, 20
2, 35
1, 3
1, 14
2, 11
3, 15
1, 3
1, 3
1, 3
1, 3
1, 3
1, 4
11, 29
1, 3
4, 7
1, 3
3, 10
1, 3
1, 3
1, 3
1, 4
2, 10
8, 18
2, 5
1, 4
1, 4
2, 9
9, 18
4, 13
2, 19
1, 3
1, 3
1, 3
1, 3
9, 21
1, 3
2, 8
3, 7
1, 2
1, 4
1, 3
2, 26
4, 10
4, 15
6, 24
1, 4
1, 4
1, 3
4, 22
5, 13
4, 11
10, 55
8, 36
1, 3
1, 5
9, 30
1, 3
1, 3
1, 3
9, 21
1, 3
2, 8
3, 7
1, 3
1, 3
1, 3
1, 3
3, 7
3, 8
1, 3
1, 3
1, 3
1, 3
1, 3
2, 5
1, 4
10, 34
2, 7
6, 26
1, 5
1, 2
1, 2
1, 4
3, 11
1, 3
1, 3
1, 3
6, 19
2, 10
1, 3
1, 3
1, 3
1, 3
7, 25
5, 8
3, 19
1, 5
3, 16
6, 62
5, 18
2, 5
8, 22
1, 4
1, 3
1, 3
1, 5
19, 139
1, 10
3, 21
1, 11
3, 29
1, 9
3, 21
3, 7
1, 3
1, 3
6, 42
1, 6
5, 14
1, 5
1, 3
8, 30
2, 7
7, 24
1, 3
1, 4
1, 4
1, 3
2, 5
3, 4
1, 4
1, 3
1, 85
1, 5
2, 6
1, 5
1, 3
1, 3
1, 3
1, 3
1, 4
1, 11
1, 3
1, 3
1, 4
1, 10
2, 10
1, 9
1, 9
1, 11
1, 9
1, 8
1, 9
1, 9
1, 11
1, 11
1, 17
1, 13
1, 5
4, 14
1, 5
1, 3
1, 3
1, 3
1, 4
1, 7
1, 3
1, 3
1, 3
1, 4
1, 3
1, 8
3, 9
1, 3
12, 35
1, 3
2, 10
6, 14
1, 3
1, 3
5, 7
2, 7
1, 6
1, 6
1, 3
1, 3
3, 6
3, 6
3, 6
1, 4
2, 4
1, 4
1, 4
1, 3
1, 9
1, 3
1, 3
1, 3
1, 3
3, 9
1, 3
1, 3
1, 5
1, 5
1, 3
2, 4
1, 3
2, 7
2, 9
2, 9
2, 7
1, 3
6, 18
2, 5
13, 25
2, 6
6, 22
1, 3
1, 3
3, 9
1, 6
12, 33
1, 5
1, 5
6, 15
1, 5
1, 6
1, 7
3, 9
2, 7
7, 18
5, 18
4, 19
2, 6
5, 15
2, 9
3, 8
2, 5
1, 21
1, 9
1, 13
1, 3
2, 9
2, 9
2, 9
2, 9
2, 9
2, 6
2, 9
2, 9
2, 9
2, 9
2, 11
2, 5
2, 5
2, 5
2, 5
2, 5
2, 5
2, 5
2, 5
2, 5
2, 5
2, 6
2, 6
2, 6
1, 3
1, 3
1, 5
1, 3
6, 21
5, 7
5, 13
1, 3
8, 21
16, 45
1, 3
1, 4
1, 3
1, 2
1, 4
1, 4
3, 8
2, 5
1, 3
1, 3
1, 3
1, 3
1, 3
1, 3
2, 6
1, 3
2, 6
1, 3
1, 3
1, 3
4, 10
1, 3
1, 3
2, 7
1, 3
1, 3
1, 4
1, 3
2, 9
1, 3
1, 5
1, 3
1, 5
1, 2
15, 32
1, 3
1, 6
4, 7
1, 5
1, 4
1, 7
2, 7
1, 3
3, 8
1, 3
1, 16
1, 3
1, 2
2, 6
7, 18
1, 3
1, 4
1, 4
1, 3
1, 3
3, 7
1, 26
1, 4
5, 20
1, 2
2, 5
2, 6
2, 6
2, 6
2, 7
2, 8
5, 11
1, 3
1, 2
1, 2
1, 3
1, 3
1, 3
1, 4
5, 16
2, 11
1, 3
2, 7
1, 3
3, 5
3, 6
1, 5
4, 11
1, 3
1, 4
3, 13
1, 5
1, 4
1, 16
1, 12
1, 17
4, 20
1, 4
1, 4
1, 4
1, 4
1, 3
1, 2
7, 17
2, 7
3, 7
1, 4
1, 3
1, 3
1, 3
1, 3
2, 13
1, 3
2, 6
1, 3
4, 14
1, 6
5, 9
1, 3
3, 15
1, 2
1, 5
1, 6
1, 3
1, 3
1, 3
1, 3
1, 5
7, 25
1, 3
12, 26
5, 9
1, 5
1, 3
5, 16
1, 5
7, 17
1, 5
1, 6
5, 15
1, 3
1, 3
1, 4
1, 5
5, 13
1, 5
1, 5
7, 20
1, 3
1, 4
1, 3
1, 3
1, 4
10, 22
12, 36
5, 13
6, 14
1, 4
1, 3
1, 3
4, 15
1, 2
1, 2
1, 2
3, 9
1, 4
5, 7
4, 14
1, 3
1, 3
2, 12
13, 27
32, 110
6, 16
7, 18
7, 18
5, 13
6, 24
4, 24
2, 4
1, 3
1, 3
3, 13
6, 21
3, 6
4, 14
3, 7
4, 18
6, 12
2, 5
1, 3
2, 5
1, 3
1, 3
2, 12
1, 3
5, 13
2, 6
1, 5
1, 3
1, 5
1, 24
1, 7
6, 18
1, 3
5, 27
8, 50
4, 11
2, 8
1, 14
1, 4
1, 4
1, 3
1, 4
1, 9
1, 4
1, 4
1, 4
1, 4
1, 4
1, 6
3, 14
3, 17
3, 15
2, 5
1, 3
1, 3
1, 3
1, 5
1, 3
2, 5
4, 12
1, 3
3, 7
1, 3
3, 6
1, 3
4, 9
2, 3
1, 4
1, 3
1, 4
1, 3
2, 6
1, 3
1, 4
2, 6
2, 7
3, 10
1, 3
2, 66
1, 5
1, 3
1, 3
1, 6
1, 23
1, 4
4, 13
1, 7
3, 10
1, 5
1, 3
2, 7
2, 7
1, 4
9, 70
5, 13
5, 16
2, 6
1, 3
1, 17
2, 6
2, 6
2, 7
2, 6
2, 6
2, 5
2, 5
7, 21
1, 3
1, 3
1, 3
1, 3
1, 4
3, 8
1, 5
6, 18
1, 3
1, 4
2, 21
2, 9
1, 3
1, 3
9, 22
9, 22
8, 14
1, 5
1, 3
1, 3
1, 3
1, 3
1, 5
9, 16
1, 3
1, 10
1, 3
3, 15
1, 3
3, 9
1, 3
1, 3
1, 7
1, 4
1, 5
4, 9
4, 13
5, 20
1, 3
1, 3
2, 5
1, 2
1, 3
1, 3
10, 41
1, 3
8, 43
1, 6
11, 63
2, 10
3, 28
5, 17
8, 20
5, 17
8, 25
2, 11
1, 3
1, 3
1, 7
1, 4
1, 5
4, 9
4, 13
5, 20
1, 3
1, 3
2, 5
1, 4
2, 7
2, 5
1, 6
1, 3
1, 3
2, 5
2, 4
2, 5
2, 6
1, 3
9, 50
1, 4
1, 163
2, 67
1, 3
1, 3
1, 3
1, 3
3, 12
1, 3
1, 8
1, 5
1, 8
1, 9
1, 2
17, 33
2, 5
5, 10
2, 5
3, 8
2, 5
1, 7
2, 5
2, 5
6, 13
1, 3
1, 7
1, 15
1, 4
5, 16
2, 11
1, 3
2, 7
1, 6
8, 16
1, 3
2, 10
6, 14
1, 5
1, 3
1, 3
2, 39
1, 5
1, 6
1, 5
1, 7
1, 6
1, 6
1, 7
1, 6
1, 5
2, 5
1, 3
1, 4
2, 8
2, 7
5, 8
14, 45
1, 6
1, 3
2, 9
1, 4
1, 3
5, 17
3, 10
4, 14
3, 7
1, 3
1, 4
3, 9
1, 5
2, 60
2, 9
3, 15
3, 23
1, 3
1, 3
1, 3
3, 28
1, 3
2, 12
1, 3
1, 3
1, 4
1, 3
1, 3
2, 4
1, 4
1, 3
3, 9
4, 11
1, 10
1, 6
3, 7
2, 6
1, 3
4, 18
1, 3
1, 3
1, 3
3, 10
3, 10
3, 8
1, 3
1, 3
3, 9
1, 3
3, 8
1, 3
1, 4
1, 3
1, 3
1, 8
1, 6
1, 5
1, 6
1, 6
1, 7
1, 7
1, 7
1, 7
1, 4
3, 9
1, 5
2, 9
5, 14
1, 3
11, 29
2, 7
1, 4
3, 7
1, 3
1, 3
1, 3
1, 3
1, 4
1, 4
1, 28
5, 20
2, 44
1, 11
3, 13
5, 10
2, 14
1, 3
1, 3
1, 6
1, 3
1, 3
1, 3
1, 3
1, 3
4, 12
1, 3
1, 4
1, 2
1, 2
1, 7
1, 5
1, 11
1, 5
1, 3
1, 3
1, 3
2, 5
1, 3
1, 5
1, 3
1, 3
1, 3
1, 3
1, 5
6, 23
1, 3
1, 3
1, 3
1, 4
1, 5
2, 5
1, 4
1, 3
1, 3
2, 8
1, 3
1, 3
2, 4
1, 3
1, 10
2, 5
1, 5
1, 5
1, 5
1, 5
1, 5
6, 21
1, 3
1, 3
1, 2
1, 3
1, 3
11, 59
1, 21
1, 7
2, 18
1, 3
1, 15
3, 22
2, 5
14, 42
3, 26
4, 13
2, 7
1, 3
1, 10
2, 5
1, 3
1, 8
7, 10
2, 5
2, 5
2, 5
2, 5
2, 5
2, 9
6, 10
1, 5
1, 5
1, 5
1, 5
1, 5
6, 21
1, 3
1, 3
1, 2
1, 3
1, 3
11, 59
1, 21
1, 7
1, 5
3, 11
1, 3
1, 3
2, 6
2, 7
1, 18
3, 7
2, 5
1, 7
2, 5
1, 2
5, 7
1, 3
1, 3
1, 3
1, 3
1, 4
9, 59
7, 32
1, 4
3, 7
1, 5
2, 8
7, 18
1, 4
1, 20
1, 4
1, 4
1, 4
2, 8
1, 4
1, 7
2, 11
1, 6
8, 23
1, 5
1, 23
2, 7
2, 9
2, 5
3, 10
2, 6
1, 3
4, 16
5, 7
1, 5
7, 20
1, 3
1, 3
3, 8
2, 6
3, 10
3, 6
1, 2
1, 3
1, 4
1, 7
2, 7
1, 3
3, 8
1, 3
1, 5
1, 3
1, 3
1, 3
1, 3
1, 2
1, 3
3, 15
3, 16
1, 14
4, 11
1, 4
1, 3
1, 3
5, 26
3, 8
1, 3
6, 20
1, 3
6, 16
7, 17
1, 3
1, 3
5, 15
4, 7
1, 2
1, 2
1, 2
1, 3
3, 7
1, 4
1, 3
1, 3
1, 6
1, 3
1, 3
1, 3
1, 3
1, 4
1, 3
1, 3
1, 3
1, 4
1, 3
1, 10
1, 6
1, 3
1, 3
1, 2
1, 3
2, 5
1, 3
1, 3
2, 5
2, 7
2, 8
2, 8
2, 8
1, 3
1, 3
3, 3
1, 2
1, 2
1, 2
1, 3
1, 3
1, 3
1, 3
1, 3
1, 3
1, 2
1, 2
1, 2
1, 2
1, 2
1, 3
1, 3
3, 3
2, 11
1, 3
1, 2
1, 2
1, 2
1, 3
1, 3
1, 3
1, 3
1, 3
1, 3
1, 2
1, 2
1, 2
1, 2
1, 2
1, 5
1, 3
2, 9
1, 3
2, 5
10, 31
2, 4
4, 18
6, 25
2, 8
3, 7
17, 56
12, 26
5, 12
17, 36
4, 11
5, 12
1, 4
1, 3
1, 3
1, 3
1, 4
1, 4
2, 6
2, 15
1, 4
7, 16
1, 3
1, 3
1, 3
4, 13
1, 3
1, 3
1, 3
1, 3
1, 3
1, 3
1, 3
1, 3
1, 3
1, 3
1, 3
1, 3
1, 3
1, 3
1, 3
1, 3
1, 3
1, 3
1, 3
1, 3
1, 3
4, 37
11, 63
1, 3
1, 3
1, 3
1, 3
1, 3
2, 8
2, 8
1, 3
2, 7
1, 3
1, 3
1, 6
1, 5
1, 3
1, 4
1, 3
2, 11
1, 9
1, 6
5, 11
1, 3
1, 4
1, 3
1, 5
1, 3
1, 4
1, 5
5, 11
2, 5
3, 6
3, 11
1, 3
1, 3
1, 3
1, 15
1, 3
1, 8
1, 4
1, 8
3, 5
3, 12
1, 3
1, 4
3, 9
2, 56
1, 4
2, 5
2, 5
1, 4
1, 4
1, 7
1, 8
1, 3
5, 16
1, 3
1, 5
1, 8
1, 11
1, 4
1, 9
1, 3
1, 3
1, 3
1, 3
1, 3
1, 9
2, 20
1, 4
8, 15
1, 3
3, 8
3, 11
1, 21
1, 5
1, 3
1, 3
2, 6
2, 14
1, 5
3, 13
2, 61
1, 3
5, 15
1, 4
3, 5
3, 5
3, 5
2, 6
1, 3
1, 4
5, 10
1, 3
1, 3
1, 3
1, 3
1, 3
1, 3
1, 4
1, 12
1, 5
1, 12
1, 4
1, 10
1, 13
1, 15
1, 13
1, 11
1, 12
1, 18
1, 8
1, 8
1, 5
4, 9
1, 4
1, 4
1, 16
1, 3
3, 8
1, 3
1, 3
4, 15
3, 9
1, 4
3, 7
1, 4
1, 4
3, 14
3, 7
1, 4
1, 4
3, 13
3, 7
1, 4
1, 4
3, 13
3, 7
1, 4
1, 4
3, 13
3, 7
1, 4
1, 4
3, 13
3, 7
1, 4
1, 4
3, 13
3, 7
1, 4
1, 4
3, 13
3, 7
1, 4
1, 4
3, 13
3, 7
1, 4
1, 3
1, 6
7, 24
1, 7
3, 7
1, 3
1, 4
2, 6
1, 2
5, 9
3, 8
2, 5
4, 7
4, 8
4, 10
4, 9
4, 7
4, 7
4, 7
29, 104
35, 90
3, 8
12, 23
6, 14
34, 104
3, 10
2, 9
10, 23
1, 1
1, 4
2, 6
11, 16
7, 10
9, 25
3, 7
4, 18
3, 8
2, 5
2, 5
6, 12
2, 7
7, 15
11, 32
4, 14
1, 3
3, 10
1, 6
11, 19
1, 3
4, 17
1, 3
1, 5
1, 3
1, 3
1, 4
2, 6
3, 10
1, 3
1, 5
1, 13
2, 9
1, 3
1, 4
2, 6
3, 10
1, 3
1, 5
1, 3
1, 4
2, 6
1, 3
1, 4
1, 3
1, 13
1, 5
2, 5
1, 7
1, 3
1, 3
3, 11
1, 3
1, 3
1, 3
1, 3
1, 3
1, 5
1, 3
1, 7
1, 3
2, 7
5, 13
1, 4
1, 3
1, 30
1, 4
1, 3
1, 3
1, 3
1, 3
3, 20
1, 5
1, 3
3, 10
1, 3
1, 3
1, 3
1, 3
5, 17
1, 3
1, 7
3, 7
1, 3
1, 3
5, 13
1, 3
1, 7
3, 7
1, 3
1, 3
2, 5
2, 5
1, 3
2, 5
2, 5
1, 17
2, 6
2, 6
2, 10
2, 10
1, 3
5, 17
1, 3
1, 7
3, 7
1, 3
1, 3
5, 13
1, 3
1, 7
3, 7
1, 3
1, 3
2, 5
2, 5
1, 3
2, 5
2, 5
1, 3
1, 3
1, 4
1, 3
1, 3
1, 3
2, 35
1, 3
1, 4
1, 3
1, 5
1, 6
1, 3
1, 7
1, 3
1, 6
2, 31
3, 8
2, 28
6, 14
1, 4
1, 4
1, 3
1, 3
1, 3
1, 40
2, 18
1, 5
1, 3
1, 3
1, 3
1, 3
1, 3
1, 3
1, 5
1, 3
1, 3
4, 8
3, 6
3, 7
1, 4
2, 5
3, 12
1, 1
4, 10
5, 20
6, 29
1, 3
2, 8
2, 4
3, 12
1, 6
6, 21
1, 3
10, 22
1, 4
1, 9
1, 6
1, 22
1, 16
1, 18
1, 27
1, 20
1, 13
1, 19
1, 27
3, 10
1, 21
1, 12
1, 14
1, 16
1, 26
1, 21
1, 17
1, 17
3, 19
9, 35
9, 39
3, 24
7, 36
2, 11
5, 16
4, 26
7, 28
1, 9
1, 12
1, 3
1, 3
2, 11
2, 10
2, 6
1, 4
1, 8
3, 9
1, 5
2, 9
11, 30
1, 5
1, 8
9, 39
9, 27
1, 6
1, 3
1, 3
1, 3
1, 3
2, 15
3, 9
1, 14
1, 4
1, 2
1, 3
1, 3
1, 3
2, 5
2, 7
1, 2
1, 3
1, 3
1, 3
1, 22
1, 5
1, 7
1, 3
1, 33
1, 2
1, 3
2, 5
2, 7
2, 5
1, 3
2, 5
1, 3
1, 11
2, 15
1, 4
7, 19
4, 25
1, 3
1, 9
1, 6
2, 17
3, 13
1, 3
1, 11
2, 4
5, 11
1, 3
26, 75
1, 3
1, 3
13, 40
3, 8
2, 7
2, 5
2, 5
1, 5
9, 18
7, 26
1, 6
1, 3
1, 3
1, 3
2, 7
1, 3
1, 3
17, 65
2, 5
1, 5
2, 7
2, 7
1, 2
1, 4
1, 3
1, 4
1, 3
1, 3
1, 3
1, 3
4, 15
1, 3
1, 3
2, 5
3, 5
2, 5
1, 3
1, 4
2, 7
1, 4
1, 3
1, 3
1, 3
1, 6
1, 3
2, 5
1, 3
3, 8
2, 14
1, 5
1, 11
2, 5
1, 4
1, 3
5, 12
1, 3
1, 3
1, 3
2, 6
1, 3
3, 9
1, 3
2, 6
1, 3
5, 20
20, 42
3, 9
3, 8
4, 12
2, 4
9, 37
1, 3
6, 21
9, 35
2, 8
1, 4
18, 81
3, 8
2, 5
1, 3
1, 3
1, 3
1, 3
1, 3
1, 3
2, 6
1, 2
1, 6
1, 6
1, 3
1, 4
8, 20
6, 15
1, 5
1, 7
3, 10
2, 7
2, 6
9, 15
15, 27
8, 20
2, 7
1, 3
1, 3
2, 3
1, 3
1, 4
1, 3
2, 4
1, 5
3, 8
1, 14
2, 7
2, 13
2, 9
1, 3
1, 3
3, 9
2, 7
5, 14
1, 3
1, 3
1, 3
1, 4
2, 7
1, 4
1, 4
1, 15
2, 8
1, 2
1, 3
1, 3
1, 3
1, 3
1, 3
1, 3
1, 3
1, 3
1, 3
1, 3
1, 3
1, 3
1, 3
1, 3
1, 3
1, 3
1, 3
1, 3
1, 3
1, 3
1, 3
1, 3
1, 3
1, 3
1, 3
1, 3
1, 3
1, 3
1, 3
1, 3
1, 10
1, 9
1, 10
1, 10
1, 9
1, 2
4, 11
2, 6
2, 6
1, 2
1, 2
2, 5
1, 4
1, 3
1, 3
1, 2
1, 3
1, 3
1, 3
2, 7
5, 12
3, 5
3, 5
1, 4
1, 4
1, 3
1, 3
5, 8
1, 4
1, 3
2, 6
1, 3
1, 3
1, 3
1, 3
1, 3
1, 5
1, 3
1, 3
1, 10
1, 12
1, 6
1, 22
1, 3
1, 11
1, 8
1, 5
1, 6
1, 7
1, 7
1, 7
1, 7
1, 7
1, 3
1, 7
1, 3
1, 3
1, 5
1, 4
1, 24
1, 3
2, 6
1, 3
1, 3
4, 7
3, 5
2, 5
2, 9
2, 7
4, 19
4, 12
9, 45
2, 15
2, 4
2, 13
1, 6
1, 51
1, 12
1, 15
1, 3
2, 46
1, 8
1, 3
1, 3
1, 3
1, 4
1, 3
1, 5
1, 3
9, 17
3, 7
2, 5
1, 6
3, 9
1, 3
1, 3
1, 3
1, 3
1, 14
1, 3
1, 3
1, 14
1, 3
6, 14
1, 3
1, 9
3, 9
1, 2
3, 15
1, 2
1, 2
1, 3
1, 4
11, 31
7, 37
1, 3
1, 3
2, 20
1, 3
1, 3
2, 7
1, 3
1, 3
1, 3
1, 3
1, 3
1, 3
1, 3
1, 3
1, 2
1, 2
1, 2
1, 6
1, 9
1, 3
2, 5
9, 31
1, 2
1, 3
1, 3
2, 4
1, 3
1, 3
1, 3
1, 4
1, 3
1, 5
1, 6
1, 7
4, 8
5, 16
1, 6
2, 18
2, 10
1, 3
2, 6
5, 18
1, 9
2, 6
1, 9
1, 19
1, 6
2, 5
1, 3
1, 3
1, 3
1, 3
1, 3
1, 3
1, 3
1, 3
2, 7
2, 5
1, 3
2, 7
1, 3
1, 3
5, 12
1, 3
1, 2
6, 25
6, 82
3, 5
1, 5
1, 5
1, 4
3, 9
18, 75
2, 6
4, 10
4, 10
1, 3
2, 5
2, 5
1, 2
5, 18
8, 21
1, 4
5, 12
1, 3
1, 31
1, 3
5, 17
1, 3
1, 3
1, 3
6, 36
2, 9
3, 7
3, 7
3, 7
4, 9
2, 5
3, 6
1, 3
1, 2
1, 2
1, 2
1, 2
1, 3
1, 3
2, 6
1, 9
15, 45
1, 5
1, 3
1, 3
1, 3
1, 4
1, 3
2, 5
1, 3
1, 3
1, 4
2, 7
1, 4
1, 3
1, 3
12, 50
7, 26
4, 14
6, 16
5, 15
5, 15
4, 7
1, 2
1, 2
1, 2
1, 3
1, 3
1, 3
1, 3
2, 7
2, 4
1, 5
4, 10
1, 3
1, 3
2, 4
2, 5
1, 3
1, 3
1, 6
2, 6
1, 28
1, 6
2, 6
1, 6
1, 4
1, 4
1, 3
1, 3
2, 4
1, 9
2, 87
1, 8
6, 18
1, 3
1, 3
1, 3
4, 14
4, 14
4, 14
1, 3
1, 3
4, 14
2, 6
1, 4
1, 19
1, 3
1, 9
4, 20
1, 3
1, 3
1, 3
1, 3
1, 3
1, 3
1, 3
1, 3
3, 10
4, 24
3, 7
1, 3
1, 4
3, 5
1, 3
4, 13
1, 4
1, 4
3, 7
3, 8
1, 3
5, 18
1, 3
1, 3
1, 3
1, 3
1, 3
1, 3
2, 5
2, 7
1, 3
1, 3
1, 3
2, 7
2, 4
1, 3
1, 11
1, 4
1, 7
1, 10
2, 9
1, 3
1, 4
2, 7
1, 4
1, 7
15, 35
1, 3
1, 5
1, 3
1, 3
1, 3
1, 3
1, 3
1, 3
1, 3
2, 5
1, 3
2, 5
2, 7
1, 3
1, 15
1, 4
1, 10
1, 8
1, 10
1, 9
1, 16
1, 17
1, 10
1, 8
2, 6
1, 5
3, 11
1, 3
1, 3
1, 3
1, 3
1, 5
3, 9
1, 3
1, 3
1, 3
1, 7
1, 4
1, 19
1, 57
1, 3
1, 3
1, 8
1, 8
1, 16
1, 4
1, 3
2, 19
1, 4
1, 8
5, 8
6, 31
1, 3
1, 3
1, 3
1, 3
1, 3
1, 2
1, 3
1, 3
1, 3
2, 20
2, 12
7, 17
1, 4
4, 13
1, 3
1, 3
1, 25
1, 3
1, 17
1, 4
2, 6
2, 11
2, 8
4, 22
1, 3
1, 7
1, 25
1, 4
1, 27
1, 3
2, 5
1, 3
1, 2
1, 3
1, 3
1, 3
1, 4
1, 3
2, 13
13, 43
51, 122
1, 5
11, 35
6, 18
1, 3
1, 5
14, 43
4, 19
7, 22
7, 20
4, 13
2, 4
4, 9
6, 9
1, 3
1, 3
1, 5
1, 6
1, 3
10, 29
23, 40
14, 36
8, 22
8, 22
5, 14
3, 9
7, 24
1, 4
1, 10
6, 35
1, 6
1, 3
5, 18
1, 4
7, 22
1, 5
1, 4
1, 4
1, 4
1, 4
8, 24
3, 14
2, 12
5, 22
3, 16
2, 7
2, 7
5, 15
1, 6
1, 6
1, 3
1, 3
1, 3
1, 14
1, 8
1, 14
1, 5
1, 5
1, 31
1, 9
1, 5
1, 9
1, 8
1, 8
1, 8
1, 7
1, 8
1, 8
1, 8
1, 3
1, 3
1, 3
1, 5
1, 8
1, 8
1, 7
1, 3
1, 3
5, 18
1, 19
1, 22
1, 54
2, 58
3, 37
2, 53
2, 5
1, 2
1, 3
2, 86
1, 76
1, 8
1, 8
1, 8
1, 46
1, 3
1, 3
1, 3
1, 5
1, 66
6, 49
1, 6
1, 4
4, 14
2, 7
1, 3
4, 11
1, 3
6, 12
20, 50
3, 9
4, 10
12, 28
3, 6
6, 16
2, 5
2, 7
1, 4
3, 8
1, 5
2, 9
8, 19
78, 224
4, 15
4, 10
1, 3
1, 6
1, 3
1, 3
1, 4
3, 7
1, 7
13, 37
1, 5
2, 5
1, 10
1, 2
1, 3
1, 2
1, 2
1, 2
3, 13
1, 5
1, 9
1, 8
3, 12
8, 89
1, 7
3, 9
1, 4
1, 3
1, 3
1, 8
14, 30
1, 3
2, 5
1, 3
1, 3
1, 21
1, 8
1, 3
1, 3
1, 4
1, 4
1, 3
1, 3
1, 3
1, 3
1, 3
1, 3
5, 13
1, 3
1, 3
3, 5
1, 3
2, 8
5, 11
2, 5
5, 16
2, 5
1, 3
1, 3
2, 8
1, 3
1, 3
1, 3
2, 6
1, 3
4, 9
2, 3
1, 2
2, 8
1, 3
1, 3
1, 3
2, 6
1, 3
4, 9
2, 3
2, 9
3, 8
1, 2
1, 2
2, 21
1, 2
1, 3
2, 4
2, 4
2, 21
3, 15
3, 19
11, 40
4, 12
2, 10
3, 7
1, 3
2, 5
8, 17
6, 10
5, 13
4, 6
1, 3
4, 5
4, 9
1, 3
3, 9
4, 11
1, 3
4, 8
1, 3
4, 8
5, 10
1, 4
4, 11
3, 19
1, 3
1, 15
1, 3
2, 4
1, 3
14, 29
1, 7
1, 3
1, 3
1, 3
1, 3
1, 3
1, 6
1, 3
1, 4
1, 3
1, 8
1, 3
1, 3
1, 3
1, 3
1, 3
1, 3
1, 3
1, 3
1, 8
1, 7
1, 7
1, 3
1, 11
1, 9
1, 12
1, 27
1, 3
4, 13
2, 7
178, 388
2, 12
3, 6
1, 4
1, 5
1, 2
1, 2
1, 2
1, 3
1, 2
1, 2
1, 2
1, 3
1, 3
1, 3
2, 6
1, 2
1, 2
1, 3
2, 5
2, 7
2, 5
1, 3
2, 5
2, 4
3, 15
7, 35
1, 3
2, 5
2, 7
1, 9
10, 37
2, 5
2, 5
2, 5
2, 5
1, 3
1, 3
1, 3
3, 6
3, 6
3, 6
1, 4
2, 7
1, 4
1, 2
1, 2
1, 3
3, 7
2, 6
1, 20
1, 5
1, 3
3, 6
1, 7
1, 4
1, 3
1, 3
1, 3
1, 2
1, 3
1, 3
1, 3
6, 32
1, 2
1, 7
3, 16
10, 17
6, 24
10, 30
10, 23
4, 10
1, 4
1, 3
1, 6
1, 3
1, 3
20, 62
1, 3
7, 23
5, 22
2, 9
1, 3
1, 3
6, 23
1, 4
2, 4
1, 4
1, 4
1, 4
1, 3
1, 3
3, 6
3, 6
3, 6
1, 3
2, 5
1, 7
2, 5
1, 11
1, 8
1, 3
1, 3
1, 5
1, 3
1, 3
1, 3
1, 4
1, 28
1, 3
2, 6
1, 4
3, 19
2, 6
1, 14
1, 8
1, 3
2, 10
2, 10
2, 10
2, 10
2, 8
2, 9
2, 8
2, 10
2, 10
2, 10
2, 9
2, 10
2, 8
2, 8
2, 8
2, 9
2, 9
2, 9
1, 3
1, 5
1, 5
3, 9
5, 12
11, 23
12, 31
1, 5
9, 21
1, 3
1, 5
4, 12
3, 14
1, 3
1, 3
1, 5
8, 20
1, 3
1, 3
1, 3
1, 3
1, 6
1, 3
1, 8
1, 3
1, 3
2, 5
1, 6
9, 17
1, 3
8, 17
2, 7
1, 3
1, 6
1, 5
1, 4
1, 3
1, 4
1, 3
1, 23
1, 2
1, 4
1, 3
2, 5
2, 5
1, 3
1, 3
1, 3
1, 3
1, 3
2, 10
4, 11
1, 3
1, 3
1, 3
3, 12
1, 3
1, 3
2, 7
3, 9
1, 3
1, 3
2, 5
2, 7
1, 7
1, 9
1, 9
3, 10
6, 16
8, 16
21, 49
2, 3
11, 31
1, 2
1, 3
2, 6
1, 2
2, 7
1, 2
1, 2
1, 3
3, 6
3, 7
2, 4
2, 13
1, 3
1, 3
1, 3
2, 49
4, 14
4, 10
5, 12
1, 3
1, 2
2, 7
1, 2
1, 2
1, 3
3, 6
3, 7
1, 6
6, 14
1, 5
1, 3
1, 4
1, 11
1, 3
2, 4
1, 3
2, 8
2, 8
2, 8
1, 3
3, 8
1, 3
1, 3
1, 14
1, 10
3, 23
1, 4
1, 3
1, 4
1, 4
1, 3
1, 3
1, 5
1, 5
1, 32
1, 5
1, 5
1, 3
1, 2
1, 3
1, 3
1, 3
1, 3
1, 3
1, 3
1, 3
1, 3
1, 8
1, 3
1, 3
1, 6
1, 3
1, 3
1, 4
2, 7
1, 1
1, 3
1, 10
3, 12
4, 13
2, 14
1, 3
4, 8
3, 25
1, 9
1, 24
1, 19
7, 24
1, 3
1, 12
1, 6
1, 3
1, 3
1, 3
2, 4
3, 9
1, 3
3, 9
1, 3
1, 3
1, 27
1, 4
1, 4
2, 12
1, 3
1, 3
1, 3
1, 3
3, 6
1, 5
1, 3
1, 3
1, 3
1, 8
1, 5
1, 7
1, 7
1, 3
2, 5
2, 7
3, 14
4, 12
16, 194
1, 3
2, 5
2, 5
1, 3
2, 6
1, 3
1, 3
1, 3
1, 10
1, 10
1, 3
1, 3
1, 4
1, 3
9, 33
9, 31
2, 7
1, 3
1, 3
2, 5
2, 7
1, 3
1, 11
1, 5
1, 8
1, 9
1, 7
1, 4
1, 3
3, 7
5, 11
1, 4
5, 14
3, 12
1, 3
3, 8
1, 3
4, 15
1, 3
2, 4
1, 4
1, 4
2, 5
3, 11
1, 3
2, 6
1, 3
2, 8
1, 3
3, 8
1, 34
1, 8
3, 9
1, 3
2, 8
4, 8
2, 6
1, 3
3, 7
5, 11
1, 4
5, 14
3, 12
1, 3
3, 8
1, 3
4, 15
1, 3
2, 4
1, 4
1, 4
2, 5
3, 11
1, 3
2, 6
1, 3
2, 8
1, 3
3, 8
1, 4
1, 3
2, 12
3, 11
5, 13
1, 5
8, 20
1, 5
1, 2
1, 3
3, 9
4, 28
7, 18
11, 42
1, 3
9, 11
1, 4
1, 4
1, 14
2, 12
1, 3
1, 8
1, 3
1, 3
1, 3
1, 3
1, 3
1, 2
1, 3
1, 3
1, 3
1, 2
1, 4
1, 4
1, 8
1, 7
3, 20
1, 3
1, 3
1, 3
1, 3
1, 3
1, 2
1, 3
1, 3
1, 3
1, 2
1, 3
2, 10
1, 5
3, 10
1, 3
1, 7
1, 4
1, 3
1, 6
4, 10
1, 4
1, 3
1, 3
1, 3
1, 8
1, 3
1, 6
1, 3
1, 3
3, 8
3, 7
1, 3
2, 5
2, 7
1, 5
1, 8
1, 8
1, 3
23, 61
1, 3
2, 4
1, 3
3, 8
3, 8
3, 8
1, 3
1, 12
1, 3
4, 15
4, 7
4, 11
1, 7
3, 8
7, 14
1, 3
1, 3
1, 3
1, 3
1, 5
1, 3
1, 6
5, 17
2, 7
7, 21
6, 26
2, 5
3, 9
1, 8
5, 13
1, 3
6, 11
1, 3
1, 3
5, 19
1, 3
1, 3
2, 5
2, 7
1, 8
6, 14
1, 6
3, 18
1, 4
1, 4
1, 3
8, 30
1, 3
3, 15
1, 6
6, 17
1, 5
1, 6
8, 19
1, 5
1, 2
7, 17
1, 6
2, 12
1, 3
1, 4
1, 36
1, 2
1, 7
2, 7
2, 7
1, 3
1, 3
2, 6
8, 18
2, 7
1, 3
2, 4
1, 3
2, 12
2, 8
2, 8
1, 3
2, 4
1, 7
1, 3
2, 4
2, 3
1, 3
1, 3
1, 3
1, 3
1, 3
3, 6
15, 54
9, 36
1, 15
1, 2
1, 3
1, 3
1, 3
1, 5
5, 18
1, 5
1, 44
2, 6
2, 6
1, 3
2, 11
2, 11
1, 3
2, 6
2, 7
4, 18
2, 6
2, 7
4, 18
1, 10
1, 3
1, 3
3, 8
3, 7
3, 12
3, 16
11, 41
8, 25
9, 36
8, 34
2, 5
2, 6
2, 7
2, 7
2, 9
3, 7
2, 6
2, 8
1, 3
1, 5
4, 14
1, 3
1, 3
1, 3
3, 8
3, 8
3, 8
1, 6
5, 9
1, 3
4, 16
1, 2
1, 5
1, 4
6, 15
1, 3
2, 4
2, 3
1, 3
1, 4
3, 9
1, 5
2, 9
7, 23
1, 4
7, 23
7, 24
5, 13
1, 2
1, 3
2, 6
2, 4
1, 3
1, 3
1, 3
1, 3
1, 19
1, 9
1, 3
1, 3
1, 3
1, 3
1, 3
1, 2
1, 3
1, 3
1, 3
1, 3
1, 3
3, 5
1, 3
3, 10
1, 3
3, 6
1, 3
1, 3
1, 3
3, 8
1, 2
1, 2
1, 2
1, 3
1, 5
1, 7
1, 7
1, 11
1, 15
1, 3
1, 3
2, 4
1, 6
14, 50
1, 4
1, 3
3, 37
4, 10
2, 5
2, 6
5, 19
7, 29
3, 10
6, 19
2, 5
1, 3
1, 4
1, 4
1, 8
4, 8
1, 3
1, 3
1, 5
1, 5
6, 59
1, 2
1, 2
1, 3
1, 3
7, 37
2, 9
1, 3
6, 15
1, 3
4, 13
5, 14
1, 3
1, 5
1, 4
1, 3
1, 3
1, 3
1, 3
1, 3
1, 3
2, 8
2, 4
1, 3
1, 3
1, 3
1, 26
1, 9
1, 13
1, 3
1, 16
1, 6
1, 48
1, 19
1, 10
5, 30
1, 15
2, 14
1, 21
2, 23
1, 15
2, 19
1, 3
1, 6
1, 4
1, 8
1, 17
1, 15
1, 15
1, 12
1, 9
2, 6
1, 3
1, 5
1, 409
1, 7
3, 11
1, 5
1, 3
1, 10
1, 7
2, 6
2, 8
1, 3
1, 3
1, 3
1, 2
1, 51
1, 4
1, 4
1, 3
1, 2
1, 3
2, 5
1, 3
2, 6
1, 3
1, 3
1, 3
1, 3
3, 5
1, 3
1, 3
1, 3
4, 10
3, 11
1, 3
1, 3
1, 2
4, 14
1, 5
1, 6
1, 6
3, 18
1, 9
1, 8
5, 16
1, 4
6, 24
1, 4
1, 5
1, 4
2, 6
1, 7
1, 4
1, 4
1, 3
1, 3
3, 11
2, 4
3, 10
2, 4
1, 3
1, 3
6, 22
1, 3
2, 9
1, 4
1, 8
1, 5
4, 13
1, 3
1, 10
3, 8
1, 3
1, 3
1, 3
1, 3
1, 3
1, 3
4, 11
1, 5
5, 10
1, 5
5, 10
2, 10
1, 2
1, 3
1, 3
1, 4
1, 4
1, 3
1, 4
1, 5
1, 7
1, 3
1, 4
1, 3
1, 5
1, 3
1, 3
2, 6
2, 7
1, 4
1, 3
2, 5
2, 7
2, 6
1, 8
1, 26
1, 8
1, 8
1, 6
1, 9
9, 29
1, 3
1, 4
1, 3
1, 5
1, 4
1, 8
1, 5
1, 3
1, 3
1, 2
1, 3
1, 5
1, 3
1, 3
2, 6
1, 4
1, 3
4, 22
1, 8
1, 5
2, 8
1, 4
1, 20
1, 10
1, 10
2, 24
1, 4
1, 3
1, 3
1, 3
1, 4
1, 3
1, 4
1, 3
1, 3
1, 3
1, 3
1, 3
1, 3
1, 3
1, 3
5, 11
1, 3
1, 7
1, 3
1, 3
2, 5
1, 7
1, 3
2, 5
1, 3
1, 3
1, 3
1, 4
1, 4
2, 11
6, 18
5, 17
1, 3
2, 8
1, 3
3, 7
2, 6
2, 6
2, 11
1, 53
1, 4
2, 5
3, 8
2, 8
3, 10
1, 3
2, 8
1, 3
3, 7
2, 6
2, 6
1, 5
2, 7
1, 6
2, 6
1, 24
3, 6
4, 7
1, 4
1, 8
1, 5
3, 7
1, 3
1, 4
1, 3
1, 3
2, 7
2, 6
3, 7
1, 4
2, 8
2, 6
5, 10
4, 9
2, 5
2, 7
4, 12
4, 10
2, 6
4, 9
3, 10
2, 6
2, 6
7, 15
9, 18
4, 9
1, 26
1, 4
1, 4
1, 3
1, 4
2, 8
3, 8
1, 5
4, 15
1, 3
1, 5
1, 5
14, 38
1, 3
3, 5
1, 4
7, 22
7, 15
3, 10
2, 12
1, 5
1, 3
1, 6
3, 8
1, 5
3, 18
9, 65
1, 6
1, 7
3, 8
1, 3
1, 12
1, 4
5, 12
1, 3
6, 19
2, 6
2, 6
1, 23
4, 9
1, 3
1, 3
1, 2
1, 2
3, 5
1, 3
1, 2
3, 5
1, 3
1, 3
1, 3
2, 15
2, 5
1, 3
1, 3
1, 3
1, 3
1, 3
1, 3
2, 10
17, 39
1, 3
5, 10
6, 13
1, 4
3, 9
1, 5
2, 9
19, 46
1, 7
4, 8
1, 3
1, 5
1, 5
1, 3
1, 3
2, 6
2, 13
2, 8
3, 9
1, 12
3, 9
2, 11
4, 9
7, 10
2, 10
2, 10
3, 9
1, 3
1, 3
1, 3
3, 8
6, 24
5, 11
3, 7
1, 19
1, 21
1, 38
1, 108
1, 24
1, 3
6, 19
3, 12
1, 4
1, 4
1, 4
1, 3
3, 12
2, 8
3, 9
1, 12
3, 9
2, 11
4, 9
7, 10
3, 19
3, 17
2, 10
2, 10
3, 9
1, 3
1, 3
1, 3
3, 8
6, 24
5, 11
3, 7
1, 3
1, 4
1, 3
1, 5
1, 5
1, 3
1, 5
1, 5
1, 3
2, 8
2, 8
2, 4
2, 4
2, 8
2, 8
2, 8
1, 4
1, 3
11, 51
7, 33
1, 5
4, 13
1, 3
3, 12
1, 3
3, 10
1, 4
1, 3
1, 3
1, 3
3, 12
6, 19
2, 4
2, 4
3, 7
3, 7
1, 3
1, 3
1, 3
6, 15
1, 3
1, 10
1, 6
1, 22
1, 5
1, 2
4, 60
1, 14
5, 35
1, 5
1, 13
1, 35
1, 11
1, 29
3, 24
1, 5
3, 14
1, 4
2, 7
1, 12
1, 48
1, 6
1, 6
1, 8
2, 10
1, 3
2, 10
2, 10
1, 2
1, 3
1, 5
1, 3
1, 3
1, 3
1, 3
1, 3
1, 3
1, 3
1, 2
1, 3
1, 2
2, 6
2, 4
2, 6
2, 4
3, 9
3, 9
3, 9
3, 9
3, 9
1, 3
2, 5
1, 4
2, 7
3, 11
1, 3
5, 12
1, 3
6, 12
22, 57
4, 10
8, 19
15, 33
3, 6
7, 19
1, 5
5, 13
1, 3
7, 18
1, 16
1, 12
1, 2
4, 8
1, 3
1, 4
1, 3
1, 3
2, 6
2, 13
1, 18
1, 3
1, 4
1, 3
3, 8
3, 18
2, 8
2, 5
17, 77
29, 96
2, 7
4, 12
4, 12
1, 17
4, 50
18, 51
1, 4
1, 2
1, 2
1, 2
1, 2
1, 3
2, 11
1, 11
3, 8
3, 18
2, 8
2, 5
17, 77
29, 96
2, 7
4, 12
4, 12
1, 3
4, 10
2, 6
1, 8
2, 12
1, 4
3, 9
1, 5
2, 9
5, 13
1, 4
1, 3
1, 3
1, 8
9, 69
2, 4
2, 12
1, 6
1, 3
1, 3
1, 6
3, 18
2, 4
2, 8
1, 3
1, 32
2, 12
1, 6
2, 7
1, 6
1, 3
3, 6
2, 10
1, 3
2, 5
2, 7
1, 2
1, 2
1, 2
1, 2
1, 2
1, 2
1, 2
1, 2
1, 2
1, 2
1, 2
1, 2
1, 2
1, 4
1, 16
1, 6
1, 12
1, 17
1, 4
1, 16
1, 16
1, 7
5, 30
1, 7
2, 6
1, 3
1, 4
2, 4
1, 8
4, 17
1, 3
1, 3
1, 3
1, 3
1, 3
1, 3
1, 3
1, 3
1, 19
1, 37
1, 19
1, 23
1, 23
1, 23
1, 81
2, 30
1, 23
2, 32
2, 32
2, 32
1, 6
5, 19
1, 3
1, 3
1, 3
1, 3
1, 3
1, 3
1, 3
1, 3
1, 3
1, 3
3, 8
3, 7
1, 8
2, 8
3, 8
2, 5
1, 4
1, 4
1, 8
1, 7
2, 12
1, 3
1, 3
1, 3
1, 3
1, 2
1, 3
1, 3
1, 3
1, 2
1, 6
7, 16
1, 5
1, 3
4, 19
1, 2
1, 4
1, 4
1, 4
1, 3
4, 19
2, 7
1, 5
4, 19
14, 45
1, 3
1, 3
1, 3
1, 3
1, 24
1, 3
1, 3
1, 12
3, 5
1, 3
1, 3
2, 10
3, 17
1, 4
3, 9
2, 9
19, 55
1, 3
1, 3
4, 7
1, 3
2, 7
3, 5
3, 6
3, 6
10, 22
1, 4
1, 4
1, 2
1, 2
1, 2
1, 2
5, 11
3, 6
1, 4
1, 4
1, 4
6, 15
3, 6
3, 6
3, 6
1, 3
1, 12
1, 3
4, 8
6, 13
3, 13
1, 4
1, 3
1, 3
2, 5
2, 5
2, 10
2, 7
2, 7
2, 7
2, 5
3, 11
1, 3
1, 3
4, 18
1, 3
1, 3
1, 5
1, 5
2, 11
1, 3
3, 6
1, 4
1, 4
3, 6
2, 16
2, 16
1, 7
1, 4
1, 3
1, 4
2, 15
1, 2
1, 2
1, 2
1, 3
1, 3
6, 20
4, 15
2, 9
4, 13
1, 3
1, 3
4, 18
5, 14
2, 4
2, 4
1, 3
1, 3
2, 9
3, 19
1, 23
1, 10
2, 11
1, 8
1, 7
1, 7
1, 7
1, 3
2, 9
2, 8
2, 6
2, 7
2, 7
2, 8
2, 8
2, 5
2, 8
2, 6
2, 6
2, 7
2, 8
2, 8
2, 8
2, 9
2, 9
2, 9
2, 8
2, 7
2, 7
2, 7
2, 7
2, 7
1, 3
1, 5
1, 5
1, 2
24, 49
36, 166
1, 5
7, 13
1, 3
1, 7
1, 6
5, 10
1, 5
1, 4
3, 8
2, 9
1, 3
2, 8
1, 3
1, 3
2, 4
1, 7
1, 5
1, 3
1, 3
4, 11
2, 5
1, 6
6, 14
1, 3
11, 24
11, 27
12, 35
31, 89
4, 9
9, 20
14, 37
8, 21
4, 9
5, 10
7, 25
1, 2
1, 2
1, 2
1, 4
1, 3
1, 3
5, 13
1, 3
1, 2
1, 6
1, 3
1, 3
1, 2
1, 2
1, 2
1, 2
1, 3
1, 3
1, 3
1, 3
1, 7
1, 3
1, 3
1, 3
1, 3
1, 3
1, 3
1, 9
2, 5
1, 12
4, 14
1, 3
2, 5
1, 3
1, 3
1, 3
1, 3
1, 3
1, 3
3, 5
1, 3
3, 16
1, 3
3, 10
4, 15
5, 11
7, 21
2, 25
2, 7
4, 15
5, 11
7, 21
1, 4
1, 3
1, 3
1, 3
2, 12
20, 60
6, 13
1, 3
1, 3
1, 4
2, 7
1, 4
1, 3
10, 47
1, 7
2, 46
14, 83
11, 25
1, 4
1, 6
1, 19
1, 11
1, 7
1, 3
1, 4
1, 3
1, 5
1, 3
1, 4
1, 3
1, 3
1, 8
2, 16
1, 3
6, 28
7, 23
2, 6
3, 7
4, 7
1, 3
1, 4
1, 6
1, 3
10, 47
1, 7
2, 46
14, 83
11, 25
6, 27
3, 7
1, 4
1, 12
1, 3
1, 4
2, 4
3, 9
1, 3
6, 15
1, 2
1, 2
3, 8
3, 8
4, 9
4, 9
1, 4
2, 8
2, 8
1, 9
2, 7
1, 3
1, 3
1, 3
1, 4
2, 6
2, 5
2, 7
2, 6
1, 3
1, 3
1, 4
6, 13
1, 3
1, 3
1, 3
1, 5
1, 5
1, 3
1, 4
1, 5
1, 4
1, 4
1, 4
1, 5
4, 9
1, 3
1, 3
2, 5
3, 10
1, 5
1, 4
1, 2
1, 3
1, 2
1, 2
1, 2
1, 4
1, 5
1, 5
1, 3
2, 5
2, 5
2, 5
1, 4
6, 18
1, 4
3, 7
1, 5
2, 9
14, 34
1, 5
5, 13
1, 5
1, 3
1, 2
1, 3
7, 27
1, 3
5, 13
1, 3
1, 4
1, 4
1, 3
1, 3
1, 3
1, 3
1, 4
1, 4
1, 3
1, 3
1, 3
1, 3
2, 5
1, 3
3, 7
3, 10
1, 3
2, 12
1, 3
9, 30
13, 40
1, 4
1, 4
1, 3
1, 3
1, 3
1, 3
2, 5
1, 3
3, 7
3, 10
3, 9
3, 9
3, 10
1, 9
3, 11
2, 4
1, 8
2, 11
1, 4
1, 3
1, 3
1, 3
1, 2
1, 3
1, 4
2, 52
1, 8
1, 8
2, 9
1, 2
1, 2
1, 2
2, 5
1, 3
1, 3
4, 13
2, 6
3, 7
1, 3
2, 12
32, 94
1, 3
1, 3
4, 17
1, 4
4, 10
2, 15
9, 27
1, 3
1, 3
1, 3
1, 9
1, 4
2, 11
11, 54
1, 3
3, 41
5, 39
1, 6
1, 6
2, 8
1, 9
1, 7
2, 12
1, 4
1, 3
1, 3
1, 4
1, 5
1, 3
1, 7
3, 20
1, 26
1, 23
1, 22
1, 29
1, 23
1, 11
1, 11
1, 26
1, 30
1, 26
1, 28
1, 10
1, 16
1, 3
3, 5
2, 5
2, 6
4, 10
2, 33
1, 4
2, 12
1, 3
1, 3
1, 3
1, 3
1, 3
1, 3
5, 7
1, 3
1, 4
2, 9
1, 3
2, 8
2, 5
1, 3
1, 3
2, 8
4, 13
1, 3
3, 9
1, 36
2, 6
2, 6
2, 6
2, 6
3, 13
1, 3
2, 8
2, 5
1, 3
1, 3
2, 8
4, 13
1, 3
3, 9
1, 3
1, 4
1, 3
1, 3
1, 4
4, 8
1, 2
1, 2
1, 2
1, 2
1, 3
1, 3
1, 13
1, 4
1, 3
1, 8
1, 3
1, 3
1, 3
1, 3
1, 3
1, 3
1, 3
1, 3
1, 3
1, 7
2, 9
2, 13
9, 23
1, 4
1, 4
1, 3
1, 10
14, 28
4, 9
1, 3
1, 3
1, 3
2, 7
2, 5
1, 3
2, 4
2, 5
1, 3
1, 4
1, 3
1, 4
1, 4
1, 4
3, 6
2, 6
1, 3
2, 5
1, 5
2, 6
2, 9
1, 6
1, 7
8, 52
1, 9
3, 8
3, 9
5, 15
11, 32
4, 11
4, 11
7, 19
2, 7
6, 20
1, 3
1, 3
1, 5
1, 3
1, 6
3, 12
1, 3
1, 4
1, 3
1, 6
1, 10
4, 12
1, 3
1, 3
1, 11
1, 4
2, 81
2, 39
3, 67
1, 52
1, 19
1, 57
1, 40
1, 34
1, 21
1, 23
1, 5
3, 22
2, 4
2, 4
1, 3
1, 3
5, 12
1, 3
2, 10
1, 3
1, 3
1, 3
1, 3
2, 4
2, 6
1, 3
1, 3
1, 3
1, 3
1, 3
3, 21
1, 4
1, 3
1, 3
1, 3
1, 3
5, 14
6, 22
1, 3
1, 3
1, 3
4, 12
3, 9
4, 10
4, 9
5, 13
6, 14
1, 3
5, 13
1, 4
1, 3
1, 3
1, 3
1, 3
1, 3
1, 3
1, 3
1, 3
1, 3
1, 3
1, 3
1, 3
1, 3
1, 5
1, 3
1, 41
1, 3
2, 4
2, 4
1, 3
2, 10
1, 5
1, 3
1, 3
1, 3
3, 8
1, 3
3, 9
1, 3
2, 23
2, 8
2, 6
3, 12
2, 5
3, 11
1, 3
1, 3
1, 6
1, 3
1, 3
1, 3
1, 3
1, 3
1, 2
1, 2
1, 3
1, 6
1, 3
1, 5
6, 16
1, 3
1, 62
1, 8
1, 6
1, 3
1, 4
1, 2
1, 2
1, 4
1, 3
2, 5
2, 7
1, 25
1, 15
1, 22
1, 18
1, 3
2, 4
2, 4
2, 4
1, 3
1, 3
1, 3
1, 3
1, 3
1, 3
1, 3
1, 3
1, 3
1, 3
1, 3
1, 3
1, 3
1, 3
1, 3
1, 3
1, 3
1, 3
1, 3
1, 3
1, 3
1, 3
1, 3
1, 3
1, 3
1, 3
1, 3
1, 3
1, 3
1, 3
1, 3
1, 3
1, 3
1, 3
1, 3
1, 3
1, 3
1, 3
1, 3
1, 3
7, 20
1, 3
1, 4
1, 4
1, 5
1, 3
1, 4
10, 21
3, 12
5, 13
1, 5
1, 3
1, 3
2, 10
2, 5
1, 4
1, 3
3, 6
1, 2
1, 3
3, 8
1, 4
1, 3
1, 3
1, 3
4, 10
8, 22
1, 3
4, 10
2, 6
1, 3
8, 23
1, 5
3, 9
1, 3
1, 5
6, 18
1, 3
1, 3
1, 3
1, 3
2, 7
2, 4
1, 5
4, 11
1, 3
1, 4
1, 3
1, 3
1, 4
1, 5
1, 3
1, 3
1, 3
1, 5
2, 5
1, 6
5, 12
1, 5
1, 3
1, 3
2, 12
1, 7
6, 17
1, 7
1, 3
1, 4
8, 20
3, 12
1, 5
1, 4
1, 5
1, 4
2, 5
1, 3
4, 10
1, 3
1, 3
1, 3
1, 3
1, 5
1, 4
2, 14
1, 4
1, 3
1, 6
1, 4
1, 4
1, 26
2, 6
3, 9
3, 11
1, 3
1, 3
3, 12
1, 11
1, 2
1, 2
1, 2
1, 3
1, 3
1, 3
1, 3
1, 2
1, 2
1, 3
3, 8
1, 3
3, 7
3, 8
1, 3
3, 8
4, 13
6, 18
1, 4
1, 6
1, 4
1, 3
1, 3
1, 3
1, 4
6, 25
1, 3
1, 3
1, 4
3, 14
1, 3
1, 3
2, 5
1, 3
1, 3
1, 3
1, 3
1, 3
1, 3
1, 8
1, 3
4, 23
1, 2
1, 3
11, 32
2, 5
2, 7
1, 3
1, 3
2, 13
2, 6
3, 15
1, 3
1, 3
1, 3
2, 12
14, 43
1, 3
12, 48
1, 3
1, 3
1, 5
4, 14
1, 3
1, 3
2, 11
25, 87
1, 3
7, 18
1, 3
1, 4
1, 4
1, 3
1, 3
1, 8
1, 3
1, 3
1, 6
9, 22
1, 3
2, 5
2, 7
1, 3
2, 6
1, 3
1, 3
3, 8
7, 24
4, 8
4, 9
1, 3
2, 4
1, 7
6, 28
8, 26
6, 19
1, 3
1, 3
1, 3
1, 3
1, 3
1, 3
1, 3
1, 3
1, 19
1, 12
1, 18
1, 18
1, 18
1, 4
1, 4
3, 30
1, 3
1, 3
1, 3
1, 3
1, 6
1, 4
3, 90
1, 9
1, 3
1, 3
1, 3
1, 3
1, 3
1, 3
2, 4
2, 9
6, 9
1, 12
1, 6
1, 4
1, 3
1, 4
2, 62
2, 6
2, 4
1, 19
3, 7
1, 3
5, 15
5, 23
2, 4
1, 3
1, 13
1, 9
1, 3
1, 3
1, 3
1, 3
1, 3
1, 3
1, 2
1, 2
9, 31
1, 2
1, 2
3, 10
1, 4
1, 4
2, 27
1, 3
1, 4
1, 3
2, 8
2, 8
2, 8
2, 6
1, 3
1, 3
1, 5
1, 3
1, 6
2, 5
6, 15
2, 6
2, 6
1, 3
1, 3
1, 3
1, 4
1, 3
1, 3
1, 3
1, 4
3, 13
1, 3
1, 3
1, 3
1, 6
1, 3
1, 4
1, 3
1, 4
4, 6
1, 9
1, 3
6, 15
2, 5
4, 26
4, 14
1, 3
1, 4
8, 21
2, 4
1, 4
2, 5
2, 5
1, 3
1, 3
1, 3
1, 3
1, 3
3, 8
3, 33
1, 3
1, 4
1, 3
2, 24
1, 4
1, 4
1, 12
1, 18
1, 16
1, 30
1, 16
1, 20
1, 20
1, 14
2, 22
4, 124
1, 20
3, 22
4, 24
3, 35
1, 3
1, 4
1, 3
1, 4
1, 6
1, 4
5, 22
2, 6
5, 45
1, 3
1, 11
1, 3
3, 9
1, 3
1, 3
1, 5
1, 5
1, 4
1, 3
8, 18
1, 3
16, 40
1, 3
10, 27
18, 45
4, 10
4, 10
19, 44
13, 30
1, 8
2, 6
1, 2
1, 4
5, 7
1, 3
1, 3
1, 3
1, 3
1, 3
1, 12
1, 5
1, 2
1, 2
1, 6
1, 2
1, 2
1, 2
3, 7
1, 6
1, 4
6, 14
4, 11
1, 3
5, 13
4, 15
1, 3
1, 3
1, 3
8, 40
1, 3
1, 11
1, 3
3, 6
3, 8
1, 4
1, 5
1, 4
1, 3
1, 3
1, 5
1, 2
1, 2
1, 6
1, 2
1, 2
1, 2
3, 7
1, 4
1, 4
1, 3
1, 3
7, 20
1, 2
1, 28
1, 9
1, 7
1, 3
1, 2
2, 5
1, 3
1, 3
2, 18
1, 3
3, 7
2, 5
2, 7
1, 19
1, 3
2, 5
1, 3
1, 3
1, 22
1, 13
1, 3
1, 3
2, 9
1, 4
1, 5
1, 3
1, 2
2, 9
1, 4
1, 5
4, 18
1, 5
5, 11
1, 3
8, 22
12, 48
1, 3
4, 11
1, 3
5, 13
1, 3
1, 3
2, 8
1, 3
1, 3
1, 3
1, 2
1, 5
1, 7
1, 3
1, 3
1, 2
1, 19
1, 3
1, 3
1, 3
1, 3
1, 3
1, 3
1, 10
1, 3
1, 3
1, 3
1, 4
1, 7
2, 7
1, 3
5, 14
1, 3
2, 5
2, 7
1, 11
2, 6
2, 6
1, 2
1, 3
1, 3
1, 3
11, 40
5, 15
5, 46
1, 3
4, 8
5, 27
1, 5
2, 12
1, 3
2, 5
5, 14
1, 3
1, 8
5, 22
1, 90
1, 22
5, 18
2, 5
2, 5
1, 5
1, 4
1, 3
1, 3
1, 3
2, 7
1, 3
2, 7
1, 3
2, 9
1, 3
1, 3
1, 7
3, 8
1, 6
1, 3
1, 3
2, 4
1, 5
1, 3
1, 5
1, 15
1, 9
1, 3
1, 3
1, 3
2, 5
2, 7
1, 3
1, 3
1, 3
1, 3
1, 3
1, 3
1, 3
2, 15
1, 8
10, 29
8, 34
5, 29
11, 28
1, 3
1, 3
1, 3
1, 5
1, 3
18, 34
2, 7
1, 2
1, 81
3, 5
1, 5
5, 24
5, 44
1, 5
1, 3
3, 9
1, 3
1, 3
20, 75
4, 8
1, 3
1, 3
2, 5
1, 2
5, 17
13, 32
1, 4
3, 9
1, 6
1, 6
1, 6
1, 5
2, 10
1, 7
1, 7
1, 3
2, 6
8, 23
1, 3
18, 47
11, 49
1, 4
2, 5
1, 3
1, 3
1, 3
1, 3
2, 9
1, 6
1, 3
1, 3
1, 3
1, 2
1, 3
1, 3
1, 6
1, 4
1, 3
1, 3
1, 3
4, 25
2, 6
3, 7
2, 6
2, 5
2, 4
2, 5
1, 3
1, 2
1, 2
1, 2
1, 2
1, 3
1, 3
1, 3
1, 3
11, 44
1, 6
1, 3
1, 3
1, 3
1, 3
2, 15
3, 16
3, 7
3, 9
3, 14
4, 14
4, 16
1, 3
1, 3
1, 4
3, 13
4, 17
6, 16
8, 17
1, 3
1, 4
1, 4
1, 7
1, 4
1, 7
1, 3
1, 3
1, 3
1, 3
1, 3
1, 2
1, 3
1, 3
1, 3
1, 2
2, 10
1, 5
3, 9
1, 3
1, 2
3, 7
9, 35
1, 3
1, 3
1, 2
1, 6
1, 3
1, 3
1, 9
1, 4
2, 18
2, 19
2, 20
1, 24
2, 6
1, 3
1, 3
1, 3
2, 7
2, 6
5, 13
1, 4
2, 7
3, 20
1, 3
1, 4
1, 4
1, 3
1, 4
1, 6
3, 22
1, 6
3, 22
39, 132
1, 9
19, 79
3, 10
7, 15
2, 14
3, 12
1, 3
13, 34
1, 4
2, 7
3, 20
1, 3
1, 4
1, 4
1, 3
1, 4
1, 6
3, 22
1, 6
3, 22
1, 3
1, 3
1, 3
1, 4
2, 5
4, 12
1, 5
1, 11
1, 19
2, 5
1, 6
1, 3
9, 24
4, 10
18, 67
9, 29
1, 38
2, 6
1, 3
2, 4
1, 4
1, 3
1, 8
1, 12
1, 2
1, 3
1, 3
1, 3
1, 9
1, 6
2, 15
3, 11
1, 3
2, 7
1, 3
1, 3
1, 7
1, 3
1, 3
1, 3
1, 3
1, 3
3, 42
1, 3
1, 3
1, 3
1, 11
2, 6
1, 3
2, 5
1, 2
1, 2
1, 2
2, 4
1, 2
1, 2
7, 22
3, 5
1, 2
1, 2
5, 18
1, 6
8, 17
1, 3
2, 16
1, 3
1, 3
1, 4
1, 41
2, 5
1, 3
1, 3
1, 3
2, 5
2, 5
1, 3
1, 3
1, 3
2, 7
2, 9
2, 9
1, 4
2, 8
1, 3
1, 5
1, 3
1, 3
1, 3
2, 5
1, 4
1, 3
4, 10
1, 4
1, 3
1, 3
1, 3
1, 3
8, 25
1, 3
5, 13
1, 3
1, 5
5, 17
1, 3
1, 3
2, 5
2, 5
5, 16
1, 10
1, 3
1, 5
1, 4
1, 3
1, 3
1, 3
1, 3
1, 3
2, 5
2, 7
1, 4
1, 10
1, 5
1, 3
1, 2
1, 5
5, 25
1, 5
3, 17
1, 5
5, 19
1, 6
3, 14
7, 65
1, 5
1, 3
1, 2
1, 5
5, 25
1, 5
3, 17
1, 5
5, 19
1, 6
3, 14
1, 5
21, 75
6, 24
1, 3
2, 4
1, 4
2, 5
1, 16
1, 85
1, 8
2, 104
1, 5
4, 10
7, 57
1, 4
2, 9
2, 10
2, 4
1, 2
1, 2
1, 2
1, 2
5, 9
3, 8
1, 3
1, 3
1, 3
1, 5
1, 6
1, 7
2, 6
1, 5
6, 18
1, 3
1, 3
1, 3
2, 11
15, 76
2, 4
2, 10
1, 3
1, 3
1, 3
1, 3
1, 3
1, 14
1, 3
1, 3
1, 3
1, 6
1, 3
1, 3
2, 8
8, 17
3, 12
1, 3
3, 12
1, 3
3, 12
1, 3
1, 4
1, 3
5, 16
1, 3
1, 3
1, 19
1, 3
1, 3
1, 3
1, 3
1, 4
1, 3
1, 3
4, 22
2, 7
4, 10
1, 8
1, 7
2, 9
2, 7
1, 3
1, 5
2, 8
1, 3
2, 5
2, 5
2, 5
2, 5
8, 16
5, 12
6, 15
9, 76
4, 7
4, 10
1, 8
1, 3
4, 21
2, 5
1, 19
1, 3
1, 3
1, 3
1, 3
1, 4
1, 3
1, 3
1, 6
1, 3
1, 7
2, 8
5, 11
1, 7
1, 3
1, 5
1, 11
1, 6
10, 22
10, 25
1, 3
1, 3
1, 5
1, 3
1, 3
2, 5
2, 6
3, 9
1, 3
2, 5
2, 14
1, 3
1, 6
3, 14
1, 14
1, 3
3, 9
1, 3
9, 40
1, 3
1, 3
1, 3
1, 3
1, 3
4, 13
1, 3
1, 15
1, 4
1, 9
1, 6
1, 3
4, 10
1, 3
2, 8
1, 5
1, 3
1, 3
2, 10
1, 3
1, 3
1, 3
1, 3
1, 3
1, 3
1, 3
1, 4
1, 17
1, 5
1, 3
1, 5
4, 14
1, 3
1, 6
1, 6
1, 3
1, 3
2, 7
2, 6
1, 3
1, 3
2, 5
9, 18
1, 7
2, 6
1, 7
2, 6
1, 7
5, 9
2, 6
1, 3
1, 3
1, 3
1, 3
3, 61
3, 14
3, 14
2, 11
1, 7
2, 6
1, 7
2, 6
1, 7
5, 9
2, 6
3, 10
1, 4
1, 3
1, 3
1, 3
1, 5
1, 16
1, 4
2, 9
3, 6
1, 16
1, 5
1, 3
1, 3
1, 3
1, 4
1, 4
1, 4
1, 4
1, 4
1, 5
1, 3
1, 3
1, 3
5, 11
1, 4
1, 4
1, 4
1, 4
1, 4
1, 4
1, 3
1, 3
1, 5
1, 5
1, 3
1, 3
1, 6
1, 3
1, 5
1, 4
1, 3
2, 7
1, 3
5, 12
1, 4
9, 22
1, 3
2, 5
1, 3
2, 7
1, 3
3, 11
1, 3
6, 15
1, 3
1, 3
1, 3
1, 6
1, 5
2, 7
2, 6
1, 3
1, 3
1, 3
2, 6
1, 3
1, 3
1, 6
1, 17
2, 7
2, 5
2, 7
2, 5
1, 3
3, 9
5, 16
1, 3
1, 11
1, 5
1, 8
1, 9
1, 6
4, 20
1, 3
1, 5
1, 3
2, 12
4, 17
1, 3
1, 3
1, 3
2, 4
2, 4
1, 5
2, 8
1, 3
1, 4
1, 30
2, 14
2, 6
2, 6
1, 7
3, 14
1, 6
1, 5
1, 3
1, 3
1, 3
1, 3
1, 2
1, 2
1, 2
1, 2
1, 2
1, 2
1, 2
1, 2
1, 2
1, 2
1, 2
1, 2
1, 2
1, 3
1, 5
1, 3
1, 4
1, 4
1, 3
2, 6
2, 10
1, 3
1, 3
1, 3
1, 3
1, 3
2, 7
2, 6
1, 2
3, 10
5, 14
1, 3
2, 7
1, 3
1, 3
1, 3
1, 3
1, 3
3, 16
2, 5
1, 8
1, 6
2, 9
3, 9
1, 3
1, 4
1, 3
1, 4
1, 12
1, 3
1, 3
1, 4
7, 32
7, 32
5, 21
1, 2
1, 3
1, 4
1, 3
1, 3
1, 3
1, 3
1, 3
1, 7
1, 3
1, 7
1, 30
1, 10
1, 10
1, 16
1, 4
1, 25
1, 3
1, 3
1, 25
1, 3
1, 3
6, 14
3, 9
3, 6
1, 2
1, 3
2, 7
4, 10
1, 4
1, 3
5, 15
1, 2
1, 6
1, 6
1, 3
4, 6
1, 3
4, 14
2, 7
9, 25
1, 3
1, 5
1, 5
1, 5
1, 8
1, 9
1, 7
1, 14
1, 5
1, 3
1, 3
3, 7
3, 7
1, 4
2, 5
1, 3
1, 3
1, 3
4, 17
2, 6
2, 16
2, 10
1, 3
2, 10
5, 28
3, 13
1, 3
1, 3
1, 7
1, 2
1, 3
1, 3
8, 23
8, 24
2, 4
2, 9
3, 12
3, 10
5, 12
1, 4
1, 4
1, 3
1, 7
1, 5
2, 7
2, 7
3, 14
1, 4
1, 3
1, 3
2, 5
5, 9
4, 6
2, 5
2, 5
1, 3
6, 16
31, 100
6, 23
3, 9
2, 9
1, 3
1, 3
1, 3
1, 3
4, 12
8, 18
4, 8
1, 3
1, 3
1, 3
1, 3
1, 3
4, 12
1, 3
1, 2
1, 2
1, 2
1, 2
4, 6
1, 3
1, 3
2, 5
3, 9
1, 3
1, 3
4, 10
1, 6
1, 10
1, 14
1, 19
1, 15
1, 5
6, 19
1, 5
1, 3
2, 4
2, 4
1, 4
1, 5
2, 8
2, 8
4, 12
4, 48
1, 3
1, 3
2, 6
2, 5
1, 4
1, 3
1, 46
1, 2
1, 5
1, 4
1, 4
1, 3
1, 3
1, 3
1, 3
4, 7
3, 6
1, 3
1, 3
3, 6
1, 3
1, 3
3, 6
1, 3
1, 3
1, 3
3, 6
1, 3
1, 3
2, 7
1, 3
1, 3
1, 3
1, 3
1, 3
2, 25
2, 8
1, 8
1, 6
1, 6
1, 6
1, 5
1, 4
3, 7
1, 5
2, 8
6, 17
1, 6
13, 27
1, 5
1, 5
7, 18
1, 3
3, 11
2, 9
1, 3
1, 5
1, 2
1, 3
1, 3
2, 6
1, 2
1, 3
1, 5
1, 5
2, 6
1, 3
5, 8
1, 5
6, 19
1, 31
3, 11
1, 5
1, 5
2, 6
1, 3
5, 8
1, 5
6, 19
1, 3
1, 4
2, 7
1, 4
1, 3
3, 9
1, 3
2, 4
2, 4
1, 3
8, 18
1, 3
1, 8
1, 8
1, 4
2, 6
5, 18
2, 8
4, 11
1, 2
4, 9
5, 14
6, 17
1, 4
1, 7
1, 3
1, 7
1, 10
1, 10
1, 10
1, 10
1, 10
1, 10
1, 7
1, 10
1, 10
1, 10
1, 3
1, 3
1, 4
1, 3
1, 3
3, 5
1, 3
1, 3
3, 5
5, 45
3, 7
1, 3
2, 6
2, 7
1, 3
1, 3
2, 20
2, 8
1, 6
1, 15
1, 6
1, 4
2, 12
1, 27
1, 3
1, 3
1, 4
2, 12
2, 6
1, 5
2, 4
6, 14
4, 15
3, 6
4, 8
1, 3
1, 10
1, 5
1, 5
1, 3
1, 3
1, 4
1, 3
1, 6
1, 3
1, 8
1, 3
1, 5
1, 6
1, 10
1, 13
2, 14
1, 8
1, 3
1, 3
1, 3
1, 22
8, 18
6, 13
1, 4
2, 9
2, 11
2, 11
2, 5
2, 5
2, 8
2, 7
2, 5
2, 5
1, 3
1, 2
7, 14
1, 3
3, 7
3, 7
1, 3
3, 10
8, 19
13, 24
3, 14
3, 7
5, 10
5, 8
1, 4
1, 3
1, 3
1, 3
1, 4
1, 22
1, 14
1, 14
1, 14
1, 9
4, 19
5, 20
1, 3
1, 4
1, 3
1, 5
1, 3
1, 3
2, 6
2, 14
1, 3
2, 5
2, 6
1, 3
1, 70
1, 3
1, 3
1, 3
1, 2
7, 17
4, 10
2, 5
2, 6
2, 6
1, 3
4, 7
4, 7
5, 10
2, 5
6, 14
11, 20
8, 17
1, 3
1, 4
1, 4
1, 3
2, 59
1, 4
3, 18
1, 4
4, 12
17, 57
3, 14
4, 20
1, 2
7, 17
4, 10
2, 5
2, 6
2, 6
1, 3
4, 7
4, 7
5, 10
2, 5
6, 14
11, 20
8, 17
1, 3
1, 3
1, 3
2, 7
2, 4
1, 5
1, 4
1, 4
1, 6
5, 8
4, 16
1, 3
1, 5
1, 3
2, 5
1, 3
1, 3
1, 19
1, 4
1, 11
3, 8
3, 9
1, 9
1, 8
2, 28
1, 3
1, 4
1, 3
2, 5
1, 4
1, 5
4, 13
1, 31
1, 5
4, 13
1, 3
1, 3
1, 3
2, 4
1, 4
3, 8
1, 5
2, 9
7, 18
1, 5
3, 15
2, 11
1, 4
2, 6
3, 16
2, 4
1, 3
4, 12
1, 3
1, 3
4, 11
1, 3
1, 3
1, 3
1, 3
1, 4
1, 8
1, 7
1, 3
1, 3
1, 4
1, 3
2, 6
1, 3
1, 3
1, 3
1, 3
1, 3
1, 3
1, 3
1, 3
1, 3
1, 3
1, 3
1, 3
1, 3
1, 3
1, 3
1, 3
1, 3
1, 3
1, 3
1, 3
1, 3
1, 3
1, 3
1, 3
1, 3
1, 3
1, 3
1, 34
1, 36
1, 8
1, 3
1, 3
5, 100
1, 3
1, 3
1, 4
1, 3
2, 6
1, 3
1, 3
1, 3
1, 3
1, 3
1, 3
1, 3
1, 3
1, 3
1, 3
1, 3
1, 3
1, 3
1, 3
1, 3
1, 3
1, 3
1, 3
1, 3
1, 3
1, 3
1, 3
1, 3
1, 3
1, 3
1, 3
1, 4
1, 50
1, 6
1, 2
1, 4
2, 62
3, 38
1, 3
4, 40
1, 3
2, 22
1, 3
2, 5
1, 4
1, 3
2, 5
1, 4
1, 3
1, 5
1, 4
1, 4
1, 27
1, 4
1, 3
1, 3
1, 3
1, 3
1, 3
1, 4
1, 4
3, 17
2, 6
1, 3
1, 3
1, 3
1, 3
1, 3
1, 4
1, 4
2, 13
1, 3
1, 3
1, 3
1, 4
1, 4
2, 14
1, 3
1, 3
1, 3
1, 4
1, 4
2, 13
1, 3
1, 3
1, 3
1, 4
1, 4
2, 13
1, 3
1, 3
1, 3
1, 4
1, 4
2, 14
1, 3
1, 3
1, 3
1, 4
1, 4
2, 14
1, 3
1, 3
1, 3
1, 4
1, 4
2, 13
1, 3
1, 3
1, 3
1, 4
1, 4
2, 13
1, 3
1, 3
1, 3
1, 4
1, 4
2, 14
1, 3
1, 3
1, 3
1, 3
1, 3
2, 10
1, 3
1, 3
1, 3
1, 3
2, 11
1, 3
1, 3
1, 3
1, 3
1, 2
1, 3
1, 4
1, 4
2, 15
1, 2
1, 4
1, 4
1, 5
1, 3
1, 3
1, 3
1, 3
1, 3
1, 3
1, 3
1, 3
1, 3
1, 2
1, 3
1, 3
17, 86
1, 3
2, 6
1, 3
1, 21
1, 3
1, 7
19, 77
4, 21
1, 3
2, 6
2, 5
1, 3
5, 8
2, 6
1, 3
1, 3
2, 6
1, 3
1, 3
1, 4
1, 4
1, 10
1, 4
1, 4
1, 3
1, 3
1, 3
1, 3
1, 3
1, 2
1, 3
1, 3
1, 3
1, 3
1, 3
1, 3
1, 3
1, 3
1, 3
1, 3
1, 3
1, 3
1, 3
1, 3
1, 3
1, 3
1, 3
1, 2
1, 2
1, 3
1, 3
1, 3
1, 3
1, 3
1, 2
1, 2
1, 3
1, 3
1, 3
1, 4
1, 50
1, 3
1, 3
1, 9
10, 18
1, 5
1, 3
2, 10
1, 3
1, 8
1, 6
1, 3
1, 3
1, 3
1, 3
1, 3
1, 3
3, 6
3, 6
1, 3
1, 3
1, 4
1, 3
1, 2
1, 3
1, 3
1, 3
13, 53
2, 31
3, 7
1, 3
1, 6
11, 29
1, 5
2, 8
3, 9
1, 3
1, 3
1, 3
1, 3
1, 3
1, 9
1, 9
1, 5
1, 3
1, 3
7, 14
1, 8
1, 8
1, 3
1, 3
13, 31
1, 5
1, 6
2, 3
1, 3
1, 3
3, 9
2, 7
1, 10
1, 10
1, 9
3, 4
22, 67
1, 3
1, 3
1, 3
2, 6
7, 27
1, 3
1, 8
1, 5
1, 8
1, 8
1, 3
1, 3
1, 3
1, 3
1, 3
4, 13
2, 7
1, 10
1, 5
1, 20
3, 12
5, 10
2, 5
3, 12
1, 3
1, 3
2, 5
3, 10
1, 5
2, 7
1, 3
1, 3
1, 5
16, 31
3, 8
1, 5
1, 3
1, 10
1, 3
4, 13
2, 7
2, 5
1, 3
1, 3
1, 3
1, 4
2, 7
1, 3
1, 3
1, 3
1, 3
1, 3
4, 21
1, 3
1, 4
1, 3
1, 3
1, 4
1, 3
1, 3
1, 5
1, 40
1, 4
2, 4
1, 48
1, 5
3, 8
2, 6
1, 3
1, 3
1, 3
2, 4
1, 3
2, 8
1, 6
1, 3
1, 3
4, 17
5, 25
3, 16
8, 45
6, 17
1, 4
6, 14
1, 3
2, 6
1, 3
1, 3
1, 3
1, 3
3, 5
2, 8
1, 3
1, 3
1, 3
2, 4
2, 4
1, 3
1, 3
5, 12
2, 5
1, 5
1, 3
1, 3
2, 6
2, 7
1, 3
2, 5
1, 3
2, 5
1, 3
3, 52
1, 3
2, 6
2, 7
1, 3
2, 19
1, 5
1, 3
3, 20
2, 5
3, 9
1, 3
1, 4
1, 3
1, 3
1, 3
2, 9
1, 6
2, 17
1, 5
1, 3
1, 4
2, 5
2, 5
1, 3
4, 11
1, 3
1, 3
1, 3
1, 3
1, 3
1, 3
1, 3
1, 3
1, 3
1, 3
1, 4
1, 5
1, 6
1, 3
1, 3
1, 4
2, 3
1, 3
1, 3
1, 2
2, 7
2, 7
1, 3
1, 3
3, 6
1, 4
1, 3
1, 2
1, 2
1, 3
4, 6
1, 3
4, 14
1, 3
1, 2
1, 3
1, 3
1, 3
1, 3
1, 3
1, 3
1, 3
1, 3
1, 3
1, 3
1, 3
1, 3
1, 3
1, 3
1, 3
1, 3
1, 4
1, 3
1, 3
1, 2
1, 3
1, 2
2, 5
1, 3
1, 5
1, 5
1, 3
5, 11
1, 5
1, 3
1, 3
1, 3
1, 3
1, 4
1, 4
1, 8
1, 7
2, 12
1, 3
1, 3
1, 3
1, 3
1, 2
1, 3
1, 3
1, 3
1, 2
1, 3
2, 10
2, 10
1, 3
1, 4
1, 3
1, 6
1, 3
1, 3
2, 7
3, 9
1, 5
2, 7
1, 3
1, 3
1, 4
1, 3
1, 4
1, 3
1, 3
2, 5
3, 16
2, 8
1, 3
2, 6
1, 11
1, 11
3, 8
1, 3
1, 5
2, 8
4, 14
2, 5
2, 5
1, 2
1, 2
1, 2
1, 2
9, 16
1, 3
2, 3
1, 3
11, 36
1, 4
2, 4
1, 4
1, 2
6, 21
1, 7
10, 24
4, 13
1, 3
1, 8
5, 11
1, 3
21, 39
1, 5
1, 3
2, 6
3, 11
2, 8
2, 5
2, 10
11, 24
3, 10
1, 3
1, 4
1, 4
1, 9
1, 3
1, 2
1, 2
1, 3
1, 2
1, 2
1, 5
1, 5
2, 6
1, 3
1, 3
1, 3
1, 3
1, 4
1, 3
1, 4
1, 3
4, 22
1, 3
1, 4
2, 9
1, 3
1, 3
1, 3
1, 3
1, 2
2, 7
1, 5
2, 7
1, 3
1, 3
1, 3
1, 3
2, 4
1, 3
2, 8
2, 8
2, 8
1, 4
1, 4
1, 8
1, 7
1, 3
1, 3
1, 3
1, 3
1, 3
1, 2
1, 3
1, 3
1, 3
1, 2
1, 20
2, 10
1, 3
1, 4
3, 7
1, 5
2, 8
12, 30
1, 4
5, 21
1, 3
1, 3
2, 4
1, 8
1, 3
1, 3
1, 6
1, 5
1, 3
1, 3
1, 4
1, 3
2, 15
1, 4
6, 22
1, 40
1, 3
3, 10
2, 5
1, 26
1, 3
4, 16
2, 9
1, 3
1, 3
2, 6
7, 16
1, 5
2, 6
1, 3
2, 12
1, 14
1, 5
5, 9
3, 5
1, 3
1, 3
4, 16
2, 9
1, 3
1, 3
2, 6
7, 16
1, 5
2, 6
1, 3
2, 12
1, 3
1, 3
1, 3
1, 3
1, 3
1, 3
1, 3
2, 7
2, 6
1, 3
1, 5
13, 36
1, 3
1, 3
3, 8
1, 4
4, 15
1, 3
1, 3
1, 5
13, 36
1, 3
1, 3
3, 8
1, 4
4, 15
1, 3
3, 6
3, 7
1, 3
2, 15
1, 3
1, 3
1, 3
1, 8
3, 9
4, 21
3, 12
4, 8
2, 9
7, 26
1, 3
11, 36
1, 3
5, 7
1, 3
1, 3
1, 2
2, 5
1, 3
1, 3
5, 13
2, 7
1, 3
1, 6
1, 4
7, 26
7, 26
5, 17
1, 2
1, 3
1, 3
1, 4
1, 3
7, 18
7, 15
1, 3
1, 3
1, 3
1, 3
1, 3
1, 3
1, 10
5, 30
1, 3
1, 4
1, 4
5, 13
3, 9
1, 3
1, 3
1, 3
1, 3
2, 5
1, 3
1, 3
22, 70
2, 6
1, 8
5, 12
1, 3
9, 28
4, 19
1, 3
1, 3
1, 3
1, 3
7, 23
17, 39
7, 14
2, 12
1, 5
7, 14
3, 9
19, 55
1, 6
2, 6
4, 11
3, 11
2, 8
4, 13
14, 26
3, 5
3, 5
7, 14
3, 5
8, 20
1, 2
5, 8
6, 11
3, 8
3, 11
1, 3
3, 8
4, 10
1, 3
3, 11
4, 14
1, 7
4, 8
3, 8
1, 2
1, 2
1, 2
1, 2
1, 8
14, 67
2, 5
1, 3
5, 6
4, 9
1, 3
3, 9
1, 3
1, 4
1, 3
1, 3
1, 3
1, 3
1, 3
1, 3
1, 3
1, 3
3, 5
3, 10
1, 3
1, 3
1, 3
1, 3
1, 3
1, 3
1, 4
1, 4
1, 4
1, 4
1, 3
5, 16
5, 13
1, 8
1, 3
1, 3
1, 4
1, 3
1, 3
8, 20
2, 5
1, 3
1, 4
4, 11
2, 8
1, 4
1, 2
1, 5
1, 6
1, 4
5, 12
3, 8
1, 4
1, 3
2, 6
1, 3
1, 3
1, 3
1, 3
1, 3
1, 3
2, 5
2, 4
2, 6
2, 5
2, 5
1, 3
2, 11
2, 11
2, 4
1, 3
1, 8
6, 16
1, 5
1, 3
1, 3
1, 3
1, 4
1, 4
1, 25
1, 6
3, 9
1, 4
3, 10
3, 12
1, 3
1, 5
1, 3
4, 14
1, 3
1, 15
2, 5
2, 8
1, 5
2, 4
1, 3
2, 5
1, 3
1, 3
2, 5
1, 3
1, 3
2, 5
1, 3
1, 3
1, 3
1, 3
3, 9
1, 3
1, 3
1, 3
1, 3
2, 5
1, 7
1, 5
1, 3
1, 3
2, 14
13, 41
15, 47
3, 10
1, 3
1, 7
14, 26
1, 5
6, 16
5, 15
5, 15
5, 12
1, 2
1, 2
1, 2
1, 2
2, 5
1, 4
1, 3
1, 3
1, 3
1, 3
1, 3
3, 7
1, 3
9, 29
1, 3
1, 4
1, 4
5, 36
1, 3
1, 3
1, 3
1, 3
4, 6
1, 3
1, 4
1, 3
1, 3
1, 25
1, 6
1, 5
1, 7
1, 9
1, 8
1, 13
1, 16
1, 17
8, 35
1, 13
1, 7
2, 6
1, 3
2, 4
1, 3
2, 9
2, 9
2, 8
1, 14
1, 12
1, 7
1, 3
1, 6
7, 31
15, 54
3, 8
2, 5
1, 2
3, 10
4, 13
7, 18
1, 10
26, 64
1, 8
2, 9
6, 25
3, 17
1, 4
3, 9
3, 9
3, 8
2, 7
2, 9
3, 9
1, 3
1, 8
1, 3
1, 3
1, 2
1, 3
4, 22
1, 26
1, 3
1, 3
1, 3
1, 4
1, 3
1, 4
1, 3
1, 5
5, 11
1, 2
1, 5
1, 5
1, 3
1, 3
1, 10
1, 7
1, 18
3, 17
1, 3
1, 3
1, 4
1, 3
1, 3
1, 4
3, 7
1, 5
2, 8
11, 30
1, 3
1, 5
1, 3
1, 5
1, 48
1, 46
1, 43
1, 44
1, 6
1, 4
1, 43
1, 53
1, 5
1, 4
1, 3
1, 9
1, 3
6, 37
1, 3
1, 3
2, 10
1, 3
2, 5
2, 7
1, 5
1, 3
1, 3
1, 3
1, 3
1, 3
1, 19
1, 3
1, 4
1, 4
3, 10
1, 3
3, 6
1, 5
1, 3
1, 3
7, 25
3, 8
1, 3
1, 4
1, 3
1, 3
1, 3
1, 3
1, 3
1, 3
4, 16
4, 15
1, 5
1, 3
2, 4
2, 4
1, 4
3, 10
1, 16
1, 6
6, 14
1, 5
1, 4
1, 3
1, 3
1, 3
1, 3
1, 3
1, 5
1, 3
1, 3
1, 3
1, 22
1, 7
5, 12
1, 5
1, 4
2, 11
1, 6
1, 4
2, 11
2, 6
1, 3
3, 11
3, 11
1, 8
1, 4
1, 3
1, 4
7, 18
28, 80
1, 3
1, 2
1, 2
1, 2
1, 4
1, 4
1, 4
1, 4
1, 4
2, 6
2, 6
1, 4
1, 4
1, 4
1, 5
1, 5
1, 5
1, 5
1, 4
1, 4
1, 5
1, 4
1, 4
2, 7
1, 5
1, 5
1, 3
1, 3
1, 3
2, 5
2, 4
1, 5
1, 6
1, 7
2, 8
3, 9
2, 8
2, 5
1, 3
1, 3
4, 5
4, 5
1, 3
1, 3
6, 19
1, 3
1, 3
8, 24
3, 9
1, 3
1, 3
1, 3
1, 3
6, 14
3, 7
5, 19
2, 9
1, 4
1, 3
1, 7
1, 6
1, 6
5, 10
1, 2
1, 2
1, 4
1, 4
1, 4
1, 23
1, 2
1, 2
1, 5
1, 3
1, 3
1, 13
1, 3
12, 36
1, 3
1, 3
1, 4
1, 4
1, 4
1, 4
1, 4
1, 4
1, 4
1, 4
1, 12
1, 16
1, 24
1, 3
1, 7
1, 18
2, 9
3, 7
1, 3
1, 3
2, 8
1, 3
1, 3
1, 3
1, 4
1, 3
6, 21
2, 9
1, 6
1, 3
3, 16
4, 36
1, 10
9, 30
4, 11
3, 8
1, 3
12, 36
1, 3
1, 3
4, 24
1, 3
1, 5
1, 3
1, 5
2, 4
1, 16
7, 16
1, 4
1, 4
1, 4
1, 4
1, 4
1, 4
1, 4
1, 4
1, 12
1, 16
1, 24
1, 3
1, 5
1, 16
1, 3
1, 3
1, 3
2, 7
1, 5
1, 4
1, 3
1, 3
1, 3
2, 4
1, 8
6, 14
1, 5
3, 5
2, 5
1, 3
1, 4
1, 8
1, 6
2, 13
1, 3
8, 29
1, 7
1, 4
1, 3
1, 2
2, 8
4, 15
2, 6
2, 5
1, 4
1, 3
1, 3
1, 4
1, 3
3, 6
4, 13
1, 4
1, 4
1, 4
1, 4
1, 4
1, 5
3, 9
4, 14
1, 2
1, 2
10, 33
1, 3
1, 7
1, 18
1, 22
1, 8
1, 6
1, 7
1, 8
1, 8
2, 6
1, 7
1, 8
1, 9
1, 3
1, 5
1, 4
1, 3
2, 5
1, 4
1, 4
1, 2
1, 2
9, 37
1, 2
1, 2
2, 12
1, 3
1, 4
1, 3
5, 12
1, 3
8, 23
2, 6
2, 6
5, 8
1, 3
1, 11
1, 4
1, 3
5, 12
1, 3
8, 23
2, 6
2, 6
5, 8
1, 2
1, 3
1, 5
1, 3
1, 3
1, 3
1, 3
1, 4
1, 3
1, 3
3, 10
1, 3
3, 5
2, 5
1, 3
1, 4
1, 3
1, 3
1, 6
2, 53
1, 3
1, 3
1, 3
1, 4
18, 47
2, 6
1, 3
1, 3
1, 3
1, 5
1, 5
1, 3
1, 2
1, 4
1, 5
1, 3
1, 3
2, 6
1, 4
3, 11
2, 16
2, 6
1, 11
1, 9
6, 23
1, 3
2, 6
2, 11
2, 10
2, 11
2, 11
2, 10
2, 10
2, 10
2, 10
2, 5
1, 3
1, 3
1, 5
1, 2
5, 11
2, 13
2, 8
8, 25
7, 22
3, 9
1, 16
1, 6
1, 4
1, 4
1, 7
1, 2
1, 2
1, 2
1, 2
1, 2
1, 2
1, 3
1, 3
1, 5
4, 14
1, 3
4, 13
1, 3
3, 13
8, 28
1, 3
1, 3
2, 7
1, 3
2, 4
1, 3
1, 3
1, 3
2, 6
1, 3
1, 3
1, 4
5, 10
5, 10
5, 11
5, 11
3, 5
5, 11
3, 6
4, 16
4, 22
7, 29
10, 24
4, 13
1, 6
1, 3
2, 4
2, 4
2, 11
1, 3
1, 3
2, 12
1, 3
1, 3
1, 3
2, 11
1, 3
1, 3
2, 12
1, 3
1, 3
1, 3
1, 5
4, 9
1, 3
1, 3
1, 3
1, 3
1, 3
1, 3
1, 3
2, 11
1, 3
1, 3
2, 12
1, 3
1, 3
1, 3
1, 5
4, 9
1, 3
1, 3
1, 3
1, 3
1, 3
1, 3
1, 3
1, 6
1, 3
3, 10
1, 2
1, 3
1, 12
1, 3
3, 9
3, 12
3, 9
2, 6
1, 3
1, 5
6, 20
1, 3
1, 4
7, 30
7, 30
5, 19
1, 2
1, 3
1, 4
1, 3
1, 3
1, 3
2, 5
1, 9
2, 5
2, 5
2, 5
1, 3
3, 8
12, 27
7, 13
1, 3
1, 3
1, 3
1, 12
1, 5
1, 4
1, 3
1, 5
1, 4
1, 3
1, 5
1, 4
2, 3
1, 5
1, 4
2, 3
2, 5
1, 4
1, 3
1, 4
3, 7
1, 3
1, 4
2, 7
16, 38
1, 4
2, 5
8, 23
1, 6
5, 10
2, 9
2, 4
4, 8
1, 2
1, 2
1, 2
1, 2
1, 2
1, 2
1, 2
1, 2
1, 2
1, 2
1, 2
1, 2
1, 2
1, 3
2, 12
7, 21
1, 3
4, 11
1, 3
1, 3
1, 12
1, 6
1, 3
1, 6
2, 10
2, 6
2, 4
1, 3
1, 3
1, 4
1, 3
1, 3
1, 8
1, 3
1, 3
1, 4
1, 3
1, 3
1, 3
1, 3
1, 3
2, 15
18, 78
7, 15
1, 3
1, 3
2, 5
2, 7
1, 3
3, 9
2, 7
1, 4
1, 3
1, 3
1, 3
2, 6
2, 7
1, 7
1, 3
1, 2
4, 12
1, 3
2, 5
1, 3
5, 26
1, 3
1, 4
1, 8
2, 5
2, 5
2, 5
2, 5
2, 5
2, 5
2, 5
2, 5
1, 3
1, 3
1, 4
3, 7
4, 10
7, 19
1, 3
1, 4
1, 3
1, 3
3, 10
3, 8
3, 11
4, 12
2, 7
1, 3
1, 3
1, 5
1, 3
2, 5
5, 13
1, 3
1, 3
25, 54
1, 7
1, 2
1, 3
1, 3
2, 12
21, 56
5, 15
1, 4
2, 4
3, 12
1, 4
1, 4
1, 3
2, 6
3, 11
4, 12
4, 11
8, 20
2, 8
2, 11
2, 16
2, 6
8, 19
1, 3
2, 5
2, 44
1, 9
1, 13
1, 3
2, 7
2, 8
2, 8
2, 9
2, 8
2, 6
2, 8
2, 8
2, 8
3, 14
2, 9
2, 9
2, 9
2, 10
2, 5
2, 5
2, 5
2, 5
2, 5
2, 5
2, 5
2, 5
2, 5
2, 5
2, 6
2, 6
2, 6
1, 3
1, 3
1, 5
1, 3
1, 2
6, 13
21, 60
19, 55
1, 3
2, 5
1, 3
1, 3
1, 3
1, 3
2, 7
2, 4
1, 4
1, 2
1, 3
2, 6
1, 4
2, 12
2, 8
2, 8
1, 2
1, 3
1, 4
1, 3
1, 3
1, 3
1, 3
1, 19
1, 3
1, 3
1, 3
1, 5
1, 5
1, 3
1, 4
2, 5
1, 3
1, 3
2, 5
1, 3
1, 7
15, 35
1, 3
2, 10
1, 2
1, 3
1, 6
1, 5
1, 3
1, 4
1, 4
5, 11
5, 9
5, 9
5, 9
7, 14
2, 4
1, 7
2, 47
2, 11
1, 9
2, 6
2, 6
2, 7
1, 4
1, 3
1, 6
1, 4
1, 4
1, 3
1, 3
1, 3
2, 9
2, 6
2, 22
1, 2
1, 4
1, 3
1, 3
12, 27
1, 3
1, 3
1, 2
1, 2
1, 2
1, 2
1, 2
1, 4
1, 6
1, 14
1, 14
1, 8
1, 6
2, 17
1, 3
1, 3
1, 3
1, 3
1, 3
1, 3
1, 3
1, 3
4, 8
3, 9
4, 10
1, 4
3, 7
1, 5
2, 8
8, 22
1, 6
5, 11
1, 5
1, 3
2, 5
2, 7
1, 14
1, 3
1, 3
1, 3
2, 7
2, 4
1, 3
1, 3
1, 5
1, 3
1, 64
3, 21
1, 8
1, 3
1, 2
1, 3
2, 5
1, 4
1, 3
1, 3
1, 3
1, 6
1, 6
1, 3
1, 3
1, 3
1, 3
1, 6
2, 7
9, 35
3, 11
1, 4
1, 3
1, 3
1, 4
1, 5
4, 13
1, 4
1, 4
1, 4
1, 4
1, 4
1, 3
2, 13
6, 19
7, 20
2, 13
5, 20
1, 10
1, 3
1, 3
1, 3
1, 3
1, 3
1, 23
1, 3
1, 3
1, 3
1, 3
1, 22
2, 5
1, 3
1, 3
1, 3
10, 31
1, 3
3, 9
1, 3
3, 13
1, 3
1, 3
1, 3
1, 3
1, 3
1, 27
1, 5
9, 22
15, 38
3, 16
10, 30
3, 10
1, 3
1, 5
16, 35
1, 4
4, 17
2, 6
3, 13
1, 3
1, 3
1, 3
1, 3
1, 3
26, 82
3, 12
1, 4
1, 3
1, 3
1, 3
1, 3
1, 3
1, 3
1, 4
1, 3
1, 3
1, 3
1, 6
1, 3
1, 4
1, 5
1, 5
1, 45
1, 32
1, 30
1, 18
1, 3
2, 5
1, 3
1, 3
2, 7
2, 7
1, 3
1, 3
1, 3
1, 3
1, 3
1, 3
1, 3
1, 3
1, 6
1, 3
1, 3
1, 3
1, 3
2, 15
4, 19
3, 8
1, 4
1, 3
1, 3
1, 5
1, 5
1, 5
1, 2
1, 2
5, 29
3, 16
4, 28
4, 9
1, 4
1, 4
19, 86
2, 6
5, 11
1, 5
1, 3
1, 3
1, 3
1, 3
1, 3
1, 3
1, 3
1, 3
1, 3
1, 3
5, 32
3, 8
2, 5
1, 3
4, 14
1, 3
1, 3
2, 7
4, 19
1, 3
1, 3
5, 25
1, 3
1, 3
2, 8
1, 5
3, 13
1, 3
1, 4
1, 4
1, 9
3, 17
1, 8
1, 29
1, 8
1, 40
4, 13
1, 8
2, 13
1, 5
7, 20
1, 3
1, 4
3, 10
1, 4
20, 57
7, 18
1, 7
2, 11
1, 3
8, 24
4, 9
1, 5
4, 11
2, 5
79, 233
9, 25
9, 28
9, 29
5, 18
33, 116
7, 32
5, 19
6, 18
6, 20
4, 14
2, 7
1, 3
9, 27
4, 12
7, 17
4, 9
20, 47
2, 3
4, 12
3, 10
3, 7
4, 9
5, 10
3, 7
2, 9
12, 34
3, 7
6, 23
2, 4
3, 9
1, 13
2, 7
2, 5
2, 7
2, 5
1, 3
2, 7
3, 11
1, 3
1, 3
4, 23
1, 5
1, 19
1, 10
1, 12
1, 3
10, 53
4, 10
2, 6
1, 3
2, 19
2, 9
1, 4
1, 3
1, 3
1, 3
1, 4
1, 3
1, 4
1, 3
10, 25
1, 3
1, 3
1, 3
1, 3
1, 16
1, 4
4, 16
2, 8
1, 3
1, 3
1, 3
8, 18
14, 46
7, 15
1, 7
7, 25
1, 2
17, 44
1, 3
1, 3
1, 3
1, 3
1, 3
2, 7
1, 6
2, 7
3, 8
13, 39
1, 2
1, 2
1, 2
1, 2
2, 6
1, 5
3, 8
1, 3
1, 2
1, 2
1, 2
1, 2
5, 7
2, 6
1, 2
1, 2
4, 7
1, 6
4, 8
3, 11
2, 6
3, 11
1, 3
2, 6
2, 6
3, 9
2, 5
1, 2
1, 2
1, 2
1, 2
3, 8
4, 9
1, 3
4, 13
1, 3
1, 4
10, 33
4, 12
1, 22
2, 6
1, 3
1, 3
2, 6
1, 3
1, 3
1, 3
1, 3
1, 4
1, 4
1, 4
1, 4
1, 3
5, 16
5, 13
1, 8
1, 3
1, 3
1, 5
1, 6
1, 3
2, 6
5, 9
3, 8
1, 4
1, 3
1, 3
1, 5
2, 5
15, 46
2, 5
2, 5
2, 5
1, 10
2, 4
1, 3
1, 3
3, 8
1, 3
1, 5
5, 17
2, 7
76, 81
7, 14
6, 14
2, 7
1, 25
2, 7
1, 3
8, 23
1, 3
2, 4
7, 17
2, 6
5, 8
1, 4
2, 5
2, 10
1, 3
2, 6
1, 3
3, 11
1, 3
2, 6
3, 7
1, 5
5, 17
1, 3
1, 3
8, 18
2, 14
3, 8
3, 8
7, 21
1, 3
1, 3
1, 5
1, 6
1, 3
5, 11
1, 3
4, 10
4, 10
2, 7
2, 4
2, 13
7, 14
1, 13
2, 6
1, 5
1, 3
1, 3
1, 6
8, 16
1, 3
9, 20
2, 7
1, 3
1, 5
2, 5
3, 52
1, 4
1, 6
3, 9
3, 11
1, 3
1, 4
1, 6
1, 3
1, 6
1, 4
1, 3
1, 5
1, 3
1, 5
1, 2
1, 4
1, 2
1, 2
1, 2
1, 2
1, 2
1, 2
1, 4
2, 12
1, 3
2, 7
2, 7
1, 5
1, 3
1, 3
2, 8
4, 13
1, 5
1, 3
1, 3
2, 8
4, 13
1, 2
2, 5
2, 5
2, 5
7, 43
4, 9
4, 9
9, 22
1, 3
2, 5
2, 5
1, 5
1, 3
1, 3
1, 3
1, 4
1, 7
1, 3
1, 4
2, 8
1, 3
2, 6
1, 3
2, 11
1, 3
1, 4
2, 5
2, 5
1, 3
1, 4
1, 3
1, 3
1, 3
23, 59
7, 17
7, 17
2, 8
1, 3
1, 3
1, 3
1, 5
1, 4
1, 3
2, 3
1, 3
2, 3
1, 3
1, 3
1, 3
2, 5
2, 5
4, 9
5, 15
4, 10
2, 5
1, 3
1, 3
1, 3
4, 10
1, 3
1, 3
1, 3
1, 5
1, 3
2, 5
1, 3
4, 13
1, 3
2, 13
13, 45
57, 168
2, 5
3, 10
2, 9
4, 11
4, 7
2, 5
1, 3
1, 6
24, 52
3, 5
1, 3
3, 10
3, 8
1, 6
1, 6
1, 4
2, 4
1, 3
1, 3
1, 3
1, 3
1, 3
1, 5
6, 12
6, 12
4, 8
3, 8
1, 3
1, 4
3, 12
1, 2
7, 17
4, 17
3, 7
1, 5
1, 6
1, 6
1, 6
1, 3
1, 3
1, 3
1, 3
1, 3
1, 5
1, 3
2, 4
2, 4
1, 3
1, 3
6, 27
5, 13
1, 3
1, 4
1, 3
1, 3
1, 3
1, 3
1, 3
1, 2
3, 5
6, 33
1, 3
5, 12
12, 52
5, 10
1, 3
2, 6
2, 6
1, 3
1, 3
3, 5
3, 6
3, 9
4, 6
1, 3
1, 4
4, 16
3, 8
1, 5
3, 9
1, 3
3, 7
2, 5
1, 3
1, 5
2, 7
1, 3
7, 18
1, 30
1, 3
3, 10
1, 3
1, 8
1, 9
4, 12
1, 5
1, 3
1, 3
1, 3
2, 6
3, 5
1, 3
1, 3
2, 7
2, 6
1, 5
1, 3
1, 3
1, 3
1, 5
1, 3
1, 3
1, 3
1, 4
1, 4
1, 3
1, 3
1, 5
1, 3
1, 3
1, 3
2, 6
3, 5
1, 3
1, 3
2, 7
2, 6
1, 5
1, 3
1, 3
1, 3
1, 5
1, 3
1, 3
1, 3
3, 8
1, 3
1, 3
1, 3
1, 3
1, 3
45, 92
15, 34
12, 27
8, 17
13, 28
1, 3
1, 3
1, 3
2, 7
2, 6
2, 8
1, 3
1, 3
1, 3
1, 3
1, 3
1, 3
1, 3
1, 3
1, 3
1, 3
1, 4
1, 6
14, 27
1, 5
1, 4
6, 16
1, 8
2, 3
1, 3
6, 28
3, 5
2, 8
2, 8
1, 5
7, 18
4, 12
1, 4
1, 3
2, 4
2, 5
1, 3
1, 24
1, 4
1, 3
1, 3
5, 16
1, 3
3, 6
1, 3
4, 18
2, 4
3, 12
1, 2
1, 2
1, 2
1, 2
3, 10
2, 6
2, 4
2, 6
4, 11
4, 13
2, 5
2, 7
2, 5
2, 7
4, 15
1, 7
2, 12
1, 3
3, 9
1, 22
1, 3
1, 8
1, 4
2, 4
3, 9
1, 3
1, 3
1, 3
1, 3
4, 14
1, 3
2, 5
1, 3
1, 3
1, 3
1, 4
1, 3
1, 3
1, 3
1, 3
1, 3
1, 3
1, 5
1, 4
2, 20
1, 24
1, 2
1, 3
1, 3
1, 5
1, 7
2, 8
1, 7
3, 9
1, 3
1, 4
1, 3
1, 3
4, 15
5, 12
1, 6
1, 3
2, 6
1, 3
2, 13
2, 20
1, 3
2, 15
2, 22
5, 13
1, 14
1, 10
1, 5
1, 11
1, 11
1, 4
1, 3
2, 4
1, 3
3, 9
3, 8
1, 3
1, 3
1, 3
1, 3
1, 3
2, 20
1, 8
9, 24
1, 5
1, 3
1, 2
1, 3
3, 9
1, 3
1, 4
3, 7
1, 5
2, 8
6, 17
1, 5
5, 17
1, 5
2, 6
1, 3
1, 3
1, 3
1, 5
1, 5
1, 14
1, 18
1, 13
5, 54
3, 14
1, 3
2, 9
1, 5
1, 3
1, 3
1, 6
8, 24
1, 4
5, 15
2, 9
1, 5
1, 2
2, 6
1, 3
1, 3
1, 3
1, 3
3, 5
1, 5
2, 4
1, 3
1, 6
1, 3
1, 3
2, 4
1, 3
1, 3
3, 11
2, 6
2, 5
1, 4
3, 9
3, 13
1, 3
5, 23
1, 3
1, 3
2, 9
2, 4
2, 6
1, 3
1, 3
1, 3
1, 3
4, 11
6, 29
1, 2
1, 2
1, 2
1, 3
1, 5
1, 3
9, 25
1, 2
1, 3
1, 4
1, 5
1, 6
1, 3
1, 3
1, 3
1, 3
15, 41
3, 14
2, 5
3, 11
1, 3
3, 7
5, 11
5, 19
1, 2
1, 2
10, 22
3, 4
1, 3
1, 3
1, 3
1, 3
1, 3
3, 4
3, 4
3, 4
1, 3
1, 3
1, 26
1, 4
4, 11
1, 2
1, 2
6, 10
1, 3
1, 3
1, 11
1, 25
1, 2
2, 6
1, 3
1, 3
1, 3
1, 3
3, 5
1, 3
1, 3
1, 3
3, 7
5, 17
1, 2
1, 2
1, 2
1, 2
1, 3
1, 3
1, 3
1, 15
1, 5
4, 9
2, 5
2, 6
1, 4
1, 5
3, 8
1, 5
1, 4
1, 4
1, 3
1, 6
8, 24
1, 4
5, 16
2, 9
1, 5
1, 6
1, 4
1, 14
7, 34
1, 5
7, 21
1, 3
2, 4
7, 24
1, 5
1, 4
3, 7
3, 7
7, 14
7, 14
4, 11
1, 3
4, 15
1, 3
4, 9
1, 3
1, 3
1, 3
1, 3
1, 4
1, 4
1, 3
1, 4
3, 18
2, 8
9, 45
1, 3
1, 3
1, 3
1, 3
1, 3
1, 3
1, 4
1, 9
1, 6
1, 11
1, 3
1, 30
1, 3
1, 3
1, 4
1, 5
1, 3
1, 3
1, 10
3, 6
1, 4
2, 13
2, 5
1, 3
2, 12
1, 4
1, 5
1, 3
1, 3
4, 11
1, 3
2, 5
6, 15
1, 6
4, 14
1, 3
1, 12
1, 3
4, 13
1, 9
1, 3
1, 7
1, 3
1, 3
1, 3
1, 3
8, 33
1, 6
1, 3
2, 7
1, 3
3, 28
1, 4
1, 3
14, 31
1, 4
7, 17
1, 3
1, 14
1, 9
1, 9
1, 6
2, 6
1, 3
1, 3
1, 3
1, 3
1, 3
1, 3
8, 25
1, 3
1, 3
1, 3
3, 8
3, 7
1, 3
1, 3
1, 3
2, 7
2, 5
1, 3
1, 4
2, 4
1, 3
1, 5
1, 3
1, 3
1, 3
1, 3
1, 3
5, 7
1, 3
3, 8
3, 7
3, 7
2, 6
1, 3
2, 5
1, 7
8, 17
1, 5
1, 3
1, 3
1, 2
1, 3
1, 3
1, 3
1, 3
1, 3
1, 3
1, 3
1, 3
1, 3
1, 3
1, 3
1, 2
1, 6
10, 20
1, 5
1, 5
3, 11
7, 15
3, 16
2, 5
1, 3
1, 5
1, 3
2, 5
1, 14
1, 4
1, 3
1, 3
1, 8
4, 15
1, 2
1, 3
1, 3
1, 3
1, 3
1, 3
1, 2
1, 2
1, 3
1, 3
1, 8
1, 5
1, 8
1, 9
1, 6
17, 31
16, 32
1, 7
1, 3
1, 13
1, 14
1, 3
1, 4
3, 8
2, 9
1, 3
2, 7
1, 3
1, 4
2, 4
1, 6
3, 9
2, 5
1, 5
14, 29
3, 8
1, 5
1, 48
1, 4
7, 27
7, 27
5, 19
1, 2
1, 3
1, 4
1, 3
1, 4
1, 2
1, 2
1, 5
1, 5
1, 3
1, 3
1, 3
2, 7
2, 4
1, 3
7, 38
2, 5
1, 3
2, 7
1, 8
1, 4
1, 9
1, 3
1, 3
1, 5
1, 6
1, 5
1, 3
1, 3
1, 3
2, 15
4, 20
2, 5
1, 3
1, 4
1, 3
1, 3
2, 5
2, 4
2, 4
2, 4
1, 3
1, 3
1, 3
1, 3
1, 3
1, 3
1, 3
2, 5
1, 5
1, 6
1, 6
1, 5
1, 4
1, 3
1, 4
5, 16
2, 6
6, 16
5, 14
6, 15
4, 7
1, 2
1, 2
1, 2
1, 3
1, 3
2, 6
1, 3
1, 3
4, 10
6, 27
3, 12
1, 3
2, 5
5, 15
2, 7
1, 5
1, 5
5, 11
3, 7
2, 6
2, 5
1, 4
1, 3
1, 18
1, 3
1, 2
1, 4
1, 3
2, 5
1, 6
2, 5
2, 15
1, 3
1, 3
2, 8
1, 3
1, 12
1, 3
1, 3
2, 5
2, 15
1, 7
3, 11
3, 11
1, 3
7, 25
8, 20
3, 7
1, 3
1, 3
1, 4
2, 7
1, 3
1, 3
1, 4
1, 4
1, 5
1, 3
2, 3
3, 7
2, 5
2, 5
4, 8
4, 8
4, 8
1, 4
1, 3
1, 3
1, 6
2, 5
1, 4
1, 3
1, 2
1, 4
1, 2
1, 2
1, 4
1, 3
1, 3
1, 3
6, 22
5, 14
14, 31
1, 5
1, 3
2, 5
2, 6
13, 100
2, 8
6, 48
1, 6
1, 3
1, 3
4, 8
7, 26
1, 5
1, 3
2, 5
2, 6
13, 100
2, 8
6, 48
4, 8
1, 3
1, 3
4, 14
4, 16
4, 14
4, 14
1, 13
2, 5
1, 3
1, 3
2, 5
1, 3
1, 3
3, 10
2, 4
1, 6
1, 3
1, 3
4, 8
7, 26
1, 5
1, 3
2, 5
2, 6
13, 100
2, 8
6, 48
4, 8
1, 3
1, 3
4, 14
4, 16
4, 14
4, 14
1, 2
1, 3
1, 3
1, 3
1, 2
1, 2
1, 2
1, 9
1, 5
1, 2
5, 13
4, 13
2, 5
2, 5
1, 3
1, 3
1, 3
5, 14
1, 3
1, 33
2, 5
1, 3
1, 4
1, 3
2, 13
2, 5
1, 3
1, 2
1, 3
1, 6
1, 4
1, 3
8, 37
1, 3
1, 4
1, 3
1, 3
1, 3
3, 5
4, 10
1, 4
1, 3
1, 4
1, 3
1, 3
1, 4
7, 26
7, 26
5, 17
1, 2
1, 9
1, 3
2, 9
1, 3
4, 13
1, 6
1, 3
2, 6
2, 6
1, 3
4, 11
1, 3
2, 5
1, 3
2, 6
1, 5
5, 13
1, 5
1, 6
9, 17
1, 3
2, 10
5, 11
1, 2
1, 5
1, 3
2, 6
1, 5
2, 10
1, 2
1, 3
4, 16
1, 4
1, 3
1, 3
1, 3
4, 9
1, 3
20, 89
1, 4
1, 3
1, 3
1, 3
1, 4
1, 4
1, 17
2, 12
1, 8
1, 3
1, 3
1, 3
1, 3
1, 3
1, 2
1, 3
1, 3
1, 3
4, 15
1, 2
1, 5
1, 3
1, 7
1, 4
1, 4
1, 4
1, 4
1, 10
1, 6
1, 4
1, 2
4, 7
5, 7
1, 3
1, 3
1, 3
1, 2
5, 20
1, 2
3, 9
7, 22
6, 9
1, 3
1, 3
1, 3
2, 7
2, 4
1, 5
1, 4
1, 4
1, 6
1, 25
1, 3
1, 8
1, 8
2, 18
1, 3
1, 3
1, 3
1, 3
1, 3
1, 3
1, 3
1, 3
4, 8
1, 3
2, 49
2, 6
2, 4
1, 21
2, 8
4, 9
1, 10
1, 9
1, 7
1, 3
18, 64
2, 18
2, 19
2, 19
1, 4
1, 3
1, 3
1, 3
1, 4
1, 3
1, 3
1, 3
3, 7
1, 6
1, 3
1, 3
1, 3
1, 3
1, 3
9, 19
1, 6
1, 3
2, 4
1, 2
1, 3
1, 3
2, 4
1, 8
2, 8
2, 8
1, 3
1, 5
2, 9
1, 3
5, 14
2, 8
3, 10
1, 6
9, 21
1, 3
1, 5
2, 45
2, 11
1, 4
1, 4
1, 4
1, 4
2, 6
1, 2
1, 6
5, 11
8, 21
1, 3
6, 20
1, 6
5, 21
2, 5
3, 11
1, 4
6, 18
1, 5
3, 11
1, 3
3, 7
3, 13
4, 18
23, 40
2, 8
10, 18
1, 3
4, 21
3, 12
2, 5
13, 45
1, 3
2, 11
1, 2
1, 2
3, 5
1, 3
1, 3
2, 5
5, 6
5, 14
1, 7
1, 3
2, 3
2, 3
5, 10
10, 20
3, 4
3, 4
3, 4
1, 4
4, 15
1, 4
1, 3
1, 3
1, 3
1, 3
1, 3
1, 4
1, 2
1, 2
3, 11
1, 4
1, 6
1, 25
1, 8
1, 3
1, 3
1, 3
1, 3
1, 3
1, 3
1, 3
1, 3
1, 3
1, 3
1, 12
20, 60
1, 4
3, 14
8, 21
10, 24
1, 3
5, 10
1, 5
2, 11
5, 28
7, 23
3, 15
3, 13
1, 3
1, 3
4, 13
1, 3
1, 3
1, 3
1, 3
1, 3
1, 3
1, 3
1, 3
1, 3
1, 3
1, 4
3, 7
1, 5
2, 8
2, 19
3, 8
1, 5
2, 8
1, 4
3, 9
1, 5
2, 9
7, 19
1, 3
2, 4
2, 4
2, 8
2, 8
2, 8
1, 3
2, 11
2, 4
1, 3
1, 2
1, 6
1, 35
2, 10
2, 6
5, 13
3, 6
10, 21
2, 10
1, 4
3, 15
1, 2
1, 2
7, 18
1, 3
1, 3
1, 4
1, 3
1, 4
1, 3
1, 5
1, 3
1, 5
1, 3
2, 4
1, 3
1, 3
2, 4
1, 5
1, 3
1, 3
2, 11
3, 25
1, 7
9, 22
6, 25
1, 3
1, 16
1, 24
2, 7
1, 9
1, 3
1, 3
1, 3
2, 7
1, 2
1, 3
1, 3
1, 3
1, 3
1, 3
1, 3
1, 5
1, 3
1, 3
1, 6
1, 5
1, 9
1, 3
1, 5
1, 18
3, 18
1, 4
1, 16
1, 6
11, 30
1, 5
1, 11
1, 3
2, 5
1, 3
1, 3
2, 5
1, 3
1, 3
2, 6
2, 6
3, 8
3, 8
1, 3
2, 6
2, 6
1, 3
1, 6
1, 7
1, 7
1, 3
1, 7
2, 6
3, 6
1, 5
2, 6
1, 7
2, 6
3, 6
1, 5
2, 6
1, 4
1, 4
1, 3
1, 4
7, 22
1, 3
2, 7
1, 5
1, 5
1, 3
1, 3
2, 5
1, 3
2, 6
2, 6
3, 8
3, 8
1, 3
2, 6
2, 6
1, 3
1, 6
1, 7
1, 7
1, 3
1, 7
2, 6
3, 6
1, 5
2, 6
1, 7
2, 6
3, 6
1, 5
2, 6
1, 3
7, 18
1, 2
1, 6
1, 3
1, 3
1, 4
1, 4
2, 10
1, 5
1, 6
1, 5
1, 5
1, 3
1, 3
2, 10
1, 3
1, 5
1, 3
1, 7
4, 10
1, 5
2, 9
16, 41
1, 4
1, 3
1, 8
3, 8
1, 3
1, 4
2, 19
1, 2
1, 9
1, 14
1, 3
14, 83
3, 11
5, 16
2, 6
1, 3
1, 3
4, 15
5, 46
1, 3
6, 43
1, 3
1, 7
1, 2
1, 2
1, 2
1, 2
1, 3
1, 3
1, 3
1, 3
1, 3
3, 8
1, 3
1, 14
1, 9
1, 3
3, 6
3, 6
1, 3
3, 11
1, 4
5, 13
1, 9
1, 7
1, 3
3, 10
2, 6
2, 3
1, 4
1, 6
1, 9
1, 13
1, 2
1, 3
1, 3
1, 3
1, 3
2, 4
1, 4
1, 7
1, 3
1, 7
3, 7
1, 3
1, 4
1, 41
1, 3
2, 7
2, 7
2, 6
1, 3
1, 3
1, 14
1, 4
1, 7
1, 9
1, 14
1, 5
1, 4
6, 17
1, 3
1, 10
1, 6
1, 7
3, 11
1, 5
1, 3
1, 3
1, 3
2, 7
2, 5
1, 4
2, 5
2, 5
3, 7
2, 7
4, 11
1, 2
2, 7
1, 2
1, 3
18, 47
3, 9
2, 9
7, 20
1, 3
3, 17
1, 4
2, 5
2, 5
3, 7
2, 7
4, 11
1, 2
2, 7
1, 2
1, 3
1, 6
1, 6
6, 15
3, 6
1, 5
6, 13
2, 5
18, 47
3, 9
2, 9
7, 20
1, 3
1, 3
1, 3
1, 3
1, 10
2, 29
1, 3
1, 3
2, 26
1, 142
1, 3
1, 4
11, 31
9, 39
1, 3
1, 3
17, 28
1, 3
4, 16
1, 5
1, 3
1, 3
2, 6
2, 13
1, 3
3, 9
1, 3
7, 19
1, 3
1, 4
1, 3
1, 3
1, 3
2, 5
4, 7
1, 3
1, 2
1, 3
1, 3
1, 3
1, 3
2, 6
7, 16
1, 3
2, 8
7, 21
1, 3
2, 8
3, 9
4, 12
7, 21
4, 12
5, 15
23, 47
1, 3
6, 13
1, 4
1, 3
1, 3
1, 3
2, 5
4, 7
1, 3
3, 8
1, 3
2, 10
1, 7
1, 15
1, 3
1, 3
3, 8
1, 3
1, 3
3, 10
3, 8
1, 3
1, 3
3, 11
3, 8
1, 3
1, 3
3, 11
3, 8
1, 3
2, 6
1, 3
1, 3
3, 11
3, 8
3, 6
3, 8
3, 6
5, 15
2, 5
2, 5
2, 5
2, 5
4, 12
1, 3
1, 4
1, 3
2, 6
