1, 2 
2, 4 
1, 2 
1, 2 
1, 2 
2, 5 
2, 8 
3, 14 
4, 15 
2, 14 
3, 15 
2, 12 
2, 20 
4, 28 
1, 8 
3, 19 
3, 24 
6, 30 
2, 12 
13, 47 
1, 12 
1, 6 
6, 19 
3, 9 
8, 31 
1, 2 
1, 6 
14, 48 
5, 21 
6, 24 
7, 22 
6, 28 
10, 24 
7, 30 
9, 27 
6, 20 
5, 17 
3, 21 
1, 2 
2, 4 
1, 2 
5, 17 
4, 15 
2, 5 
5, 14 
7, 19 
15, 49 
1, 4 
1, 2 
1, 2 
3, 8 
15, 30 
7, 20 
1, 4 
4, 6 
4, 10 
2, 6 
3, 8 
3, 6 
3, 4 
2, 3 
2, 4 
2, 4 
3, 10 
1, 3 
1, 2 
1, 2 
1, 2 
1, 2 
1, 1 
1, 1 
2, 6 
1, 5 
16, 55 
1, 2 
1, 11 
3, 6 
1, 3 
5, 27 
1, 3 
1, 3 
1, 2 
1, 2 
3, 5 
2, 3 
1, 2 
1, 2 
1, 2 
5, 20 
1, 3 
5, 17 
6, 32 
6, 16 
1, 3 
1, 2 
5, 17 
5, 15 
5, 16 
5, 16 
5, 12 
5, 14 
1, 3 
3, 14 
11, 24 
2, 7 
2, 3 
5, 9 
2, 3 
2, 3 
2, 3 
2, 9 
1, 2 
5, 15 
3, 9 
5, 11 
1, 3 
1, 2 
1, 2 
1, 2 
3, 15 
3, 38 
1, 26 
1, 26 
1, 7 
1, 10 
1, 7 
1, 11 
1, 7 
1, 13 
1, 11 
1, 8 
1, 14 
1, 8 
1, 16 
1, 16 
1, 4 
1, 4 
1, 4 
1, 4 
1, 4 
1, 4 
3, 3 
1, 2 
1, 6 
1, 1 
4, 7 
1, 2 
1, 2 
1, 2 
16, 35 
23, 54 
1, 1 
9, 37 
1, 4 
45, 133 
1, 1 
3, 10 
3, 10 
2, 3 
1, 2 
1, 2 
3, 10 
2, 16 
12, 60 
14, 75 
1, 2 
1, 4 
17, 59 
4, 45 
4, 40 
9, 33 
24, 72 
1, 2 
1, 2 
1, 2 
1, 5 
1, 2 
8, 42 
5, 27 
7, 43 
7, 34 
7, 34 
3, 12 
3, 12 
4, 15 
1, 2 
3, 9 
1, 2 
3, 10 
5, 28 
4, 10 
1, 2 
1, 2 
1, 2 
1, 2 
1, 2 
1, 2 
1, 2 
2, 5 
2, 4 
8, 87 
3, 8 
10, 56 
28, 107 
1, 2 
2, 5 
1, 3 
3, 7 
3, 8 
1, 2 
1, 2 
1, 7 
1, 2 
1, 15 
1, 12 
2, 11 
2, 5 
15, 34 
3, 7 
11, 22 
11, 28 
1, 1 
1, 2 
8, 14 
7, 19 
5, 15 
6, 13 
4, 7 
2, 3 
9, 36 
4, 12 
3, 7 
14, 32 
4, 11 
2, 4 
2, 5 
2, 9 
7, 18 
9, 22 
6, 17 
1, 2 
23, 50 
1, 1 
1, 1 
1, 1 
1, 1 
65, 99 
4, 12 
2, 5 
4, 104 
3, 16 
1, 2 
1, 2 
3, 15 
27, 81 
3, 8 
1, 1 
1, 1 
2, 6 
2, 3 
1, 3 
12, 34 
1, 3 
1, 3 
1, 2 
4, 21 
4, 23 
1, 5 
1, 19 
1, 8 
3, 5 
6, 22 
1, 2 
1, 5 
1, 5 
2, 3 
1, 30 
2, 6 
11, 39 
2, 7 
17, 63 
1, 1 
1, 2 
1, 2 
6, 22 
4, 18 
4, 16 
4, 14 
1, 2 
1, 2 
1, 2 
1, 2 
1, 2 
1, 2 
2, 4 
2, 4 
3, 4 
9, 26 
1, 2 
1, 2 
1, 2 
1, 5 
1, 4 
1, 5 
1, 3 
3, 6 
1, 2 
1, 2 
4, 9 
10, 20 
1, 2 
1, 2 
19, 25 
3, 6 
1, 2 
2, 5 
3, 8 
3, 8 
6, 18 
1, 2 
1, 2 
3, 4 
2, 3 
1, 2 
9, 13 
2, 4 
2, 4 
2, 3 
4, 7 
2, 6 
1, 4 
2, 3 
1, 5 
1, 4 
1, 3 
8, 13 
9, 25 
32, 93 
1, 2 
1, 2 
1, 5 
1, 5 
1, 5 
1, 4 
5, 35 
2, 11 
1, 2 
2, 4 
7, 35 
1, 2 
2, 10 
2, 8 
1, 3 
2, 11 
1, 2 
1, 2 
1, 3 
6, 19 
3, 10 
2, 9 
4, 40 
1, 1 
3, 8 
5, 36 
10, 71 
1, 4 
4, 14 
4, 14 
11, 115 
1, 2 
3, 13 
8, 12 
8, 12 
2, 4 
1, 2 
1, 2 
2, 5 
3, 9 
9, 25 
3, 10 
2, 5 
4, 14 
1, 2 
1, 10 
1, 2 
1, 2 
1, 3 
19, 62 
3, 8 
2, 6 
1, 3 
2, 3 
4, 5 
9, 16 
1, 4 
1, 3 
2, 7 
1, 3 
1, 8 
1, 2 
1, 3 
1, 2 
3, 10 
3, 17 
1, 4 
1, 2 
1, 2 
1, 5 
5, 17 
1, 3 
1, 3 
1, 2 
1, 2 
1, 2 
1, 3 
1, 2 
3, 27 
1, 6 
1, 6 
1, 2 
1, 6 
1, 9 
1, 2 
1, 6 
1, 9 
7, 20 
18, 42 
1, 10 
5, 12 
4, 9 
4, 7 
4, 7 
4, 7 
1, 2 
5, 10 
5, 12 
2, 3 
4, 10 
3, 20 
3, 20 
1, 3 
1, 2 
1, 1 
1, 2 
1, 3 
2, 3 
1, 23 
1, 18 
3, 6 
2, 14 
2, 18 
2, 5 
1, 3 
1, 5 
1, 5 
1, 4 
1, 4 
11, 50 
2, 8 
8, 12 
11, 36 
9, 13 
1, 1 
1, 1 
1, 1 
1, 1 
1, 1 
1, 2 
1, 2 
1, 2 
1, 2 
1, 2 
39, 102 
10, 31 
8, 18 
1, 7 
1, 5 
4, 11 
3, 11 
1, 2 
3, 4 
2, 7 
11, 18 
1, 2 
1, 2 
1, 2 
1, 2 
14, 31 
1, 2 
1, 5 
1, 5 
2, 3 
2, 3 
2, 5 
1, 2 
4, 6 
4, 6 
3, 4 
3, 4 
1, 2 
1, 4 
1, 2 
1, 2 
1, 2 
8, 19 
8, 19 
4, 7 
5, 24 
2, 12 
4, 17 
4, 19 
1, 2 
3, 9 
1, 2 
4, 10 
1, 2 
2, 4 
2, 6 
1, 2 
2, 4 
2, 4 
2, 6 
1, 14 
6, 36 
4, 29 
6, 21 
6, 21 
4, 18 
4, 18 
4, 18 
4, 18 
4, 18 
4, 18 
4, 18 
4, 18 
4, 18 
5, 17 
5, 39 
5, 20 
5, 39 
5, 18 
1, 2 
1, 5 
1, 5 
1, 5 
1, 5 
1, 4 
1, 5 
3, 17 
1, 2 
1, 2 
1, 2 
1, 2 
3, 6 
13, 29 
1, 1 
1, 2 
1, 2 
1, 2 
1, 2 
1, 2 
1, 16 
2, 6 
1, 2 
1, 2 
1, 2 
6, 24 
1, 2 
1, 2 
1, 6 
2, 5 
2, 6 
3, 7 
2, 8 
5, 15 
3, 10 
2, 6 
10, 36 
3, 9 
5, 28 
1, 2 
1, 2 
1, 2 
10, 18 
2, 6 
2, 22 
11, 22 
4, 10 
2, 13 
4, 13 
2, 6 
1, 2 
1, 2 
1, 2 
2, 20 
1, 1 
1, 1 
1, 4 
1, 5 
2, 4 
3, 12 
15, 63 
2, 13 
10, 52 
3, 10 
6, 17 
14, 52 
3, 7 
1, 9 
1, 2 
1, 2 
1, 2 
14, 55 
16, 25 
2, 27 
6, 31 
1, 2 
1, 6 
1, 2 
1, 5 
1, 5 
1, 4 
1, 3 
1, 2 
3, 10 
1, 4 
1, 4 
1, 4 
1, 4 
1, 12 
3, 22 
3, 16 
3, 15 
4, 14 
6, 15 
1, 8 
1, 1 
1, 1 
1, 1 
1, 2 
2, 3 
2, 3 
7, 14 
2, 6 
3, 10 
2, 4 
2, 3 
2, 3 
1, 2 
1, 2 
8, 30 
7, 24 
7, 26 
7, 24 
4, 13 
4, 18 
15, 39 
9, 31 
6, 26 
1, 4 
1, 2 
1, 2 
1, 2 
1, 2 
1, 2 
1, 2 
1, 2 
1, 2 
1, 4 
1, 2 
1, 2 
1, 4 
1, 2 
1, 5 
1, 5 
1, 2 
1, 4 
1, 4 
1, 4 
1, 2 
1, 2 
1, 2 
1, 2 
1, 2 
1, 3 
5, 17 
6, 32 
6, 32 
7, 27 
2, 4 
5, 20 
5, 13 
1, 3 
3, 9 
1, 1 
10, 34 
2, 9 
2, 9 
7, 15 
7, 14 
5, 12 
6, 38 
2, 8 
4, 28 
1, 4 
2, 3 
2, 60 
1, 39 
1, 11 
1, 4 
1, 2 
3, 12 
1, 2 
3, 13 
8, 36 
2, 6 
7, 35 
1, 2 
1, 2 
16, 50 
1, 2 
1, 2 
1, 2 
1, 2 
2, 3 
1, 5 
1, 6 
1, 6 
1, 6 
2, 3 
1, 1 
2, 3 
2, 3 
10, 46 
1, 2 
1, 3 
1, 5 
2, 11 
1, 9 
3, 17 
2, 5 
10, 16 
3, 12 
1, 4 
3, 17 
2, 8 
1, 3 
8, 13 
1, 3 
3, 25 
4, 21 
1, 8 
1, 5 
3, 11 
1, 2 
1, 2 
1, 3 
1, 2 
1, 5 
1, 2 
1, 5 
6, 27 
4, 10 
1, 4 
1, 4 
3, 4 
1, 2 
10, 22 
11, 25 
11, 25 
2, 7 
6, 20 
1, 3 
1, 2 
1, 2 
1, 2 
1, 4 
7, 6 
1, 4 
1, 4 
1, 2 
1, 15 
1, 3 
1, 4 
2, 5 
2, 7 
2, 13 
5, 38 
2, 4 
2, 3 
2, 4 
1, 1 
7, 28 
18, 96 
6, 19 
2, 6 
5, 27 
1, 2 
1, 2 
1, 2 
1, 2 
1, 2 
1, 2 
1, 13 
1, 2 
1, 1 
2, 4 
2, 180 
11, 22 
13, 64 
1, 2 
1, 2 
2, 39 
3, 9 
1, 2 
3, 38 
3, 9 
3, 38 
2, 8 
4, 21 
1, 1 
1, 5 
2, 6 
1, 1 
2, 3 
1, 2 
5, 10 
1, 1 
1, 4 
4, 17 
2, 22 
4, 5 
6, 4 
1, 6 
7, 11 
3, 16 
1, 2 
1, 2 
11, 37 
6, 17 
4, 11 
5, 21 
6, 43 
6, 40 
5, 31 
6, 58 
5, 21 
5, 29 
5, 59 
5, 37 
5, 23 
5, 23 
5, 21 
5, 21 
14, 42 
5, 35 
5, 27 
5, 28 
21, 62 
5, 37 
3, 4 
2, 3 
1, 2 
2, 4 
1, 2 
1, 2 
1, 2 
2, 7 
1, 2 
1, 2 
5, 12 
2, 7 
4, 16 
6, 22 
8, 26 
8, 26 
5, 18 
5, 20 
5, 18 
4, 16 
4, 15 
5, 21 
2, 3 
1, 2 
2, 4 
2, 4 
2, 4 
1, 2 
1, 2 
1, 2 
1, 1 
5, 19 
1, 19 
1, 19 
1, 2 
1, 2 
6, 11 
1, 2 
1, 2 
1, 2 
5, 12 
5, 15 
1, 2 
1, 2 
6, 16 
1, 2 
1, 6 
1, 2 
1, 2 
1, 9 
1, 5 
1, 2 
1, 2 
1, 2 
10, 39 
6, 17 
19, 74 
38, 135 
8, 13 
1, 5 
20, 49 
54, 149 
3, 10 
5, 21 
10, 25 
3, 7 
5, 19 
4, 19 
5, 44 
5, 15 
28, 52 
3, 6 
1, 1 
2, 3 
2, 3 
20, 48 
19, 40 
9, 23 
14, 29 
200, 475 
1, 1 
14, 27 
3, 11 
9, 14 
30, 62 
1, 19 
1, 19 
4, 9 
2, 4 
2, 6 
5, 13 
2, 7 
1, 2 
1, 2 
7, 38 
7, 39 
2, 8 
1, 2 
1, 2 
1, 2 
1, 2 
1, 2 
1, 2 
1, 2 
1, 2 
1, 2 
2, 6 
3, 16 
1, 2 
1, 2 
1, 4 
1, 2 
1, 2 
1, 2 
1, 2 
1, 2 
1, 2 
2, 4 
1, 2 
2, 3 
1, 2 
1, 6 
2, 9 
3, 7 
4, 9 
1, 4 
12, 66 
2, 7 
58, 264 
19, 65 
5, 21 
3, 15 
3, 16 
2, 4 
1, 4 
2, 12 
14, 33 
1, 8 
5, 26 
2, 6 
10, 69 
2, 5 
9, 62 
9, 63 
6, 49 
6, 46 
4, 22 
3, 11 
2, 9 
2, 9 
21, 71 
14, 50 
13, 34 
3, 15 
1, 2 
1, 2 
1, 3 
1, 2 
1, 2 
1, 2 
3, 4 
2, 3 
1, 2 
2, 4 
2, 4 
1, 8 
8, 29 
1, 7 
1, 2 
1, 2 
2, 55 
3, 9 
6, 13 
8, 42 
1, 2 
1, 8 
8, 29 
5, 14 
4, 10 
3, 6 
4, 7 
1, 1 
1, 1 
1, 2 
3, 6 
1, 3 
2, 3 
1, 2 
1, 3 
2, 3 
6, 21 
2, 10 
2, 15 
4, 15 
12, 53 
3, 12 
2, 3 
1, 4 
1, 2 
2, 4 
1, 2 
1, 2 
1, 2 
1, 2 
1, 2 
1, 2 
4, 39 
1, 5 
1, 15 
2, 15 
2, 5 
8, 17 
2, 6 
3, 7 
4, 7 
16, 36 
27, 67 
4, 10 
1, 2 
2, 5 
3, 13 
4, 17 
3, 15 
23, 55 
1, 1 
4, 4 
8, 17 
2, 7 
1, 1 
1, 1 
1, 2 
1, 2 
1, 2 
1, 2 
1, 2 
1, 2 
6, 26 
6, 26 
5, 24 
1, 5 
1, 5 
16, 74 
2, 6 
14, 29 
9, 31 
1, 2 
1, 2 
4, 21 
7, 16 
7, 15 
5, 9 
1, 1 
1, 2 
1, 2 
1, 2 
1, 4 
1, 3 
1, 2 
3, 9 
3, 9 
1, 4 
1, 3 
1, 4 
1, 5 
2, 6 
1, 6 
1, 2 
1, 2 
1, 5 
1, 5 
1, 5 
1, 5 
1, 5 
1, 5 
1, 5 
1, 5 
1, 5 
1, 5 
1, 7 
1, 19 
8, 19 
1, 2 
1, 2 
1, 2 
1, 2 
1, 2 
1, 2 
1, 2 
1, 4 
1, 5 
1, 5 
1, 2 
1, 2 
1, 2 
1, 4 
1, 2 
1, 4 
1, 2 
1, 2 
1, 2 
1, 4 
1, 2 
1, 4 
1, 7 
1, 8 
1, 6 
1, 6 
1, 4 
3, 5 
1, 1 
10, 15 
25, 63 
1, 2 
1, 2 
1, 2 
2, 3 
2, 5 
4, 10 
6, 27 
3, 6 
3, 12 
1, 7 
1, 2 
1, 2 
1, 2 
4, 8 
1, 3 
1, 89 
1, 16 
6, 30 
1, 5 
1, 2 
1, 1 
3, 6 
2, 4 
3, 6 
6, 15 
31, 375 
3, 10 
3, 10 
1, 7 
1, 15 
1, 2 
1, 6 
1, 6 
2, 55 
20, 37 
1, 1 
1, 2 
1, 2 
28, 74 
3, 11 
13, 33 
6, 11 
7, 20 
7, 21 
1, 2 
1, 2 
1, 2 
1, 13 
2, 54 
4, 7 
5, 17 
1, 6 
1, 1 
8, 30 
5, 35 
1, 2 
1, 2 
1, 2 
1, 2 
1, 2 
1, 2 
1, 2 
1, 2 
2, 3 
1, 2 
1, 2 
1, 2 
1, 2 
1, 2 
1, 2 
1, 1 
1, 14 
2, 3 
2, 121 
1, 7 
4, 20 
1, 4 
3, 7 
8, 16 
1, 7 
2, 6 
4, 9 
7, 23 
1, 2 
1, 9 
2, 4 
1, 2 
1, 2 
1, 2 
1, 4 
1, 2 
2, 5 
1, 1 
1, 1 
2, 11 
2, 5 
2, 5 
1, 2 
2, 4 
2, 9 
12, 29 
2, 9 
7, 14 
10, 22 
5, 16 
12, 39 
9, 19 
2, 3 
1, 3 
6, 10 
3, 5 
3, 18 
5, 29 
1, 2 
8, 23 
3, 34 
5, 17 
3, 10 
44, 111 
1, 2 
1, 2 
1, 2 
1, 1 
5, 10 
1, 1 
1, 1 
1, 1 
1, 1 
1, 1 
1, 1 
1, 1 
1, 1 
1, 1 
1, 13 
5, 15 
1, 2 
2, 9 
2, 4 
2, 6 
1, 3 
1, 2 
1, 1 
1, 1 
1, 1 
2, 5 
2, 5 
1, 1 
1, 1 
1, 1 
1, 1 
1, 1 
1, 2 
1, 2 
1, 4 
1, 2 
1, 3 
2, 8 
4, 11 
6, 17 
7, 24 
6, 24 
3, 8 
2, 4 
5, 11 
3, 7 
4, 19 
3, 19 
1, 4 
1, 4 
1, 4 
1, 23 
1, 2 
1, 3 
18, 67 
3, 6 
2, 6 
2, 6 
1, 4 
1, 3 
1, 4 
3, 9 
4, 21 
5, 10 
1, 5 
1, 5 
2, 8 
2, 39 
3, 9 
13, 65 
3, 9 
1, 2 
2, 3 
8, 24 
8, 24 
8, 24 
8, 24 
2, 3 
18, 77 
1, 2 
1, 2 
1, 2 
1, 4 
1, 2 
6, 20 
5, 14 
2, 6 
1, 2 
1, 3 
1, 1 
1, 1 
1, 2 
4, 20 
21, 97 
2, 4 
7, 21 
9, 23 
4, 21 
4, 12 
3, 9 
4, 6 
11, 28 
9, 14 
1, 1 
1, 1 
1, 2 
1, 2 
1, 1 
1, 3 
1, 2 
1, 2 
1, 5 
1, 2 
4, 14 
4, 18 
2, 9 
2, 11 
2, 9 
2, 10 
3, 17 
2, 9 
8, 22 
2, 4 
2, 9 
2, 4 
1, 2 
2, 4 
2, 4 
2, 4 
2, 3 
3, 15 
2, 9 
2, 12 
1, 1 
1, 4 
3, 15 
1, 3 
2, 3 
2, 3 
1, 3 
1, 2 
2, 3 
1, 2 
4, 12 
4, 12 
8, 22 
1, 3 
3, 10 
9, 14 
2, 6 
3, 7 
4, 17 
2, 4 
7, 23 
4, 20 
3, 15 
2, 7 
2, 5 
4, 18 
4, 18 
20, 56 
10, 39 
1, 2 
2, 12 
1, 4 
1, 2 
9, 40 
1, 5 
1, 53 
3, 9 
9, 19 
10, 30 
4, 17 
4, 17 
1, 2 
2, 3 
9, 21 
5, 12 
3, 9 
9, 20 
9, 22 
1, 7 
1, 1 
1, 1 
1, 2 
1, 2 
2, 12 
1, 2 
1, 7 
1, 6 
3, 28 
5, 43 
1, 12 
9, 20 
5, 18 
2, 8 
2, 5 
12, 75 
2, 5 
1, 5 
1, 5 
2, 19 
1, 39 
2, 10 
10, 116 
1, 67 
3, 14 
2, 4 
3, 4 
1, 5 
2, 9 
2, 4 
3, 4 
4, 20 
1, 5 
2, 39 
3, 6 
29, 87 
1, 2 
1, 2 
2, 4 
1, 6 
1, 8 
1, 10 
1, 3 
1, 2 
1, 2 
1, 1 
2, 16 
4, 11 
1, 2 
1, 2 
3, 13 
1, 1 
2, 3 
2, 3 
1, 2 
1, 2 
2, 20 
10, 209 
3, 36 
3, 3 
3, 3 
3, 3 
3, 3 
3, 3 
57, 142 
7, 33 
5, 12 
4, 18 
3, 7 
3, 7 
3, 7 
3, 7 
4, 7 
4, 7 
4, 7 
2, 9 
2, 3 
4, 7 
2, 8 
3, 9 
2, 3 
2, 4 
15, 31 
5, 9 
1, 2 
1, 2 
1, 2 
3, 9 
4, 24 
1, 21 
1, 2 
1, 2 
2, 6 
1, 2 
1, 2 
1, 2 
3, 8 
2, 5 
2, 5 
1, 2 
1, 2 
2, 7 
3, 6 
5, 9 
4, 9 
11, 24 
4, 9 
1, 7 
1, 2 
4, 8 
12, 68 
2, 18 
4, 8 
1, 2 
1, 2 
2, 4 
1, 1 
1, 1 
1, 1 
1, 1 
1, 1 
1, 2 
7, 18 
1, 2 
5, 11 
1, 2 
1, 2 
1, 2 
1, 2 
1, 2 
1, 2 
1, 2 
1, 2 
1, 2 
1, 4 
1, 3 
3, 9 
1, 2 
2, 5 
1, 5 
4, 22 
4, 25 
7, 13 
1, 1 
1, 1 
1, 3 
8, 16 
3, 4 
2, 3 
6, 14 
1, 3 
1, 4 
1, 4 
1, 2 
1, 1 
1, 1 
4, 13 
6, 17 
3, 4 
2, 4 
1, 5 
2, 3 
7, 16 
10, 30 
10, 30 
10, 30 
10, 30 
2, 3 
2, 3 
1, 1 
1, 2 
1, 2 
1, 2 
1, 2 
1, 7 
1, 10 
1, 10 
1, 7 
1, 10 
1, 2 
1, 2 
10, 19 
5, 8 
2, 7 
18, 45 
1, 8 
1, 2 
1, 2 
1, 2 
1, 2 
1, 2 
1, 2 
1, 7 
6, 24 
2, 9 
7, 68 
2, 8 
7, 30 
1, 6 
6, 24 
2, 14 
8, 58 
5, 17 
12, 78 
3, 8 
3, 46 
6, 18 
5, 15 
1, 7 
2, 5 
1, 5 
1, 2 
2, 5 
1, 2 
2, 4 
1, 5 
1, 4 
1, 6 
1, 7 
3, 92 
1, 2 
1, 2 
13, 30 
11, 45 
1, 4 
1, 2 
1, 3 
2, 5 
1, 20 
2, 8 
2, 5 
1, 3 
4, 19 
11, 26 
2, 6 
2, 3 
4, 7 
4, 9 
7, 11 
4, 9 
3, 6 
4, 9 
3, 12 
3, 12 
3, 13 
4, 15 
4, 15 
4, 14 
3, 18 
2, 22 
1, 2 
1, 4 
1, 12 
4, 9 
1, 6 
1, 2 
2, 4 
1, 3 
2, 8 
1, 4 
3, 6 
1, 4 
2, 8 
1, 2 
6, 20 
1, 8 
1, 8 
3, 82 
5, 22 
15, 32 
2, 5 
2, 3 
1, 5 
1, 2 
1, 2 
1, 2 
2, 3 
8, 16 
1, 1 
1, 2 
1, 2 
1, 2 
1, 2 
1, 2 
1, 2 
1, 2 
2, 6 
3, 27 
3, 15 
1, 2 
1, 2 
2, 5 
3, 11 
7, 41 
12, 75 
1, 8 
7, 23 
6, 20 
6, 20 
5, 20 
3, 8 
3, 8 
2, 4 
3, 8 
1, 2 
2, 8 
3, 4 
2, 4 
2, 4 
2, 4 
2, 4 
5, 38 
6, 21 
1, 2 
1, 11 
1, 10 
2, 14 
14, 34 
5, 23 
5, 23 
2, 5 
14, 137 
6, 27 
4, 9 
1, 2 
1, 13 
1, 10 
1, 10 
1, 16 
4, 8 
1, 1 
2, 3 
5, 26 
8, 57 
6, 33 
6, 27 
6, 17 
7, 18 
13, 39 
4, 18 
4, 18 
4, 18 
4, 18 
4, 18 
4, 18 
4, 18 
4, 18 
4, 18 
11, 58 
5, 17 
5, 19 
5, 19 
5, 17 
11, 58 
5, 24 
6, 23 
5, 17 
9, 24 
1, 3 
3, 7 
1, 2 
2, 6 
2, 9 
1, 4 
6, 22 
7, 26 
1, 1 
1, 4 
3, 8 
8, 19 
1, 2 
3, 4 
2, 3 
1, 2 
2, 4 
2, 4 
6, 11 
18, 22 
1, 2 
1, 2 
1, 2 
1, 2 
1, 2 
1, 2 
4, 6 
2, 7 
2, 8 
1, 2 
2, 7 
1, 2 
2, 7 
1, 2 
2, 7 
1, 2 
1, 5 
2, 10 
5, 9 
1, 2 
1, 2 
14, 45 
2, 4 
11, 36 
5, 10 
1, 14 
2, 7 
19, 48 
18, 44 
4, 9 
1, 2 
1, 5 
1, 5 
1, 5 
1, 5 
1, 4 
1, 2 
1, 3 
1, 2 
1, 3 
1, 2 
2, 5 
1, 10 
2, 6 
1, 16 
10, 54 
1, 2 
1, 2 
1, 2 
3, 6 
3, 18 
1, 2 
6, 18 
1, 3 
1, 2 
1, 2 
1, 3 
1, 5 
1, 2 
1, 2 
1, 7 
1, 5 
1, 100 
1, 11 
1, 2 
2, 4 
1, 2 
1, 2 
1, 2 
17, 46 
1, 3 
1, 3 
1, 4 
1, 2 
1, 2 
1, 2 
1, 1 
1, 2 
1, 2 
1, 1 
2, 5 
3, 18 
3, 10 
1, 1 
1, 2 
1, 4 
1, 2 
3, 5 
4, 21 
3, 6 
1, 3 
1, 4 
1, 2 
1, 2 
1, 2 
2, 4 
1, 2 
2, 4 
1, 2 
1, 2 
1, 2 
1, 2 
1, 2 
1, 4 
2, 5 
2, 6 
4, 5 
1, 1 
14, 32 
1, 1 
3, 8 
1, 6 
5, 22 
2, 5 
3, 15 
1, 4 
1, 2 
9, 9 
15, 38 
28, 115 
1, 2 
1, 6 
1, 6 
1, 2 
15, 49 
9, 30 
11, 57 
2, 12 
2, 5 
5, 11 
8, 18 
5, 16 
11, 23 
13, 46 
8, 22 
2, 8 
35, 103 
2, 9 
2, 5 
1, 3 
3, 15 
1, 4 
1, 2 
2, 8 
2, 10 
1, 13 
1, 4 
3, 11 
9, 41 
1, 2 
2, 13 
5, 44 
3, 33 
13, 130 
3, 6 
4, 49 
3, 47 
3, 38 
4, 31 
4, 11 
1, 3 
1, 2 
1, 2 
1, 2 
1, 1 
1, 1 
6, 22 
4, 12 
4, 12 
5, 15 
4, 16 
1, 6 
2, 6 
1, 2 
1, 2 
1, 2 
1, 2 
12, 26 
4, 4 
2, 2 
10, 21 
31, 92 
2, 4 
1, 2 
2, 46 
3, 9 
7, 38 
5, 73 
1, 49 
2, 9 
4, 51 
5, 62 
2, 63 
3, 11 
13, 57 
2, 8 
3, 6 
3, 6 
35, 149 
6, 14 
7, 16 
8, 17 
4, 10 
1, 2 
1, 2 
1, 2 
2, 126 
1, 16 
11, 18 
4, 8 
1, 2 
14, 71 
6, 16 
1, 4 
1, 10 
1, 1 
1, 1 
1, 2 
4, 19 
7, 17 
2, 6 
7, 21 
6, 25 
5, 14 
5, 10 
9, 22 
1, 2 
1, 2 
1, 2 
1, 2 
1, 2 
1, 2 
7, 29 
1, 2 
1, 1 
1, 8 
1, 2 
1, 4 
1, 2 
3, 12 
11, 67 
3, 10 
12, 38 
1, 4 
1, 13 
1, 14 
2, 3 
1, 2 
1, 2 
2, 4 
1, 2 
2, 6 
1, 1 
1, 1 
1, 1 
1, 1 
2, 5 
2, 5 
1, 1 
1, 1 
1, 1 
1, 1 
1, 1 
1, 1 
1, 2 
1, 2 
1, 2 
1, 2 
1, 2 
1, 2 
1, 2 
1, 2 
2, 3 
1, 2 
1, 2 
1, 2 
1, 2 
1, 2 
1, 2 
1, 2 
1, 3 
6, 28 
1, 3 
1, 1 
1, 6 
1, 5 
3, 7 
1, 15 
3, 49 
1, 43 
3, 5 
1, 2 
6, 10 
6, 20 
1, 7 
1, 2 
1, 2 
4, 10 
1, 2 
1, 2 
1, 1 
1, 2 
2, 28 
1, 5 
2, 12 
3, 3 
3, 14 
1, 2 
1, 2 
1, 1 
1, 1 
2, 5 
4, 14 
1, 3 
1, 2 
2, 7 
8, 15 
1, 7 
3, 11 
4, 10 
1, 1 
3, 6 
4, 24 
6, 30 
1, 2 
1, 1 
2, 18 
15, 47 
1, 2 
1, 2 
1, 6 
13, 63 
1, 2 
2, 7 
1, 2 
1, 7 
1, 2 
3, 6 
1, 2 
3, 5 
1, 1 
3, 29 
5, 24 
1, 2 
2, 3 
12, 51 
16, 68 
6, 14 
10, 33 
2, 4 
1, 6 
1, 3 
4, 22 
4, 11 
14, 34 
20, 57 
60, 191 
12, 53 
14, 78 
7, 38 
5, 28 
5, 19 
13, 55 
3, 12 
4, 10 
2, 3 
1, 7 
1, 5 
1, 7 
1, 7 
8, 24 
1, 9 
1, 2 
1, 2 
1, 2 
1, 2 
1, 6 
1, 18 
13, 63 
1, 2 
1, 2 
1, 2 
2, 7 
1, 2 
4, 6 
9, 16 
1, 1 
1, 2 
1, 2 
1, 2 
2, 4 
1, 1 
1, 1 
1, 1 
1, 2 
1, 2 
15, 47 
1, 1 
1, 1 
1, 1 
1, 1 
17, 65 
3, 7 
1, 2 
6, 10 
1, 2 
5, 25 
5, 18 
7, 21 
1, 2 
1, 2 
1, 5 
1, 5 
6, 16 
3, 9 
11, 22 
13, 64 
4, 15 
2, 3 
4, 9 
7, 23 
6, 19 
3, 8 
4, 11 
1, 1 
1, 1 
1, 2 
1, 2 
1, 5 
1, 5 
2, 4 
1, 12 
3, 6 
7, 39 
2, 6 
3, 5 
3, 5 
1, 2 
1, 2 
1, 1 
1, 3 
1, 2 
1, 2 
1, 7 
1, 2 
1, 2 
1, 2 
1, 4 
1, 2 
10, 38 
1, 3 
1, 3 
1, 2 
1, 2 
12, 41 
9, 27 
10, 33 
5, 16 
5, 18 
10, 32 
5, 16 
3, 17 
3, 17 
1, 7 
4, 143 
5, 48 
37, 94 
13, 27 
2, 4 
2, 7 
8, 23 
2, 4 
2, 7 
10, 27 
1, 1 
2, 3 
3, 5 
2, 3 
1, 2 
6, 8 
6, 8 
1, 12 
1, 2 
1, 2 
1, 1 
1, 2 
1, 2 
1, 2 
1, 2 
1, 2 
1, 2 
1, 2 
1, 1 
1, 2 
1, 2 
1, 2 
1, 2 
2, 4 
1, 2 
1, 2 
1, 2 
1, 2 
1, 5 
1, 5 
1, 5 
1, 8 
1, 5 
1, 6 
1, 6 
1, 6 
1, 2 
1, 2 
1, 2 
1, 1 
1, 1 
1, 2 
1, 2 
1, 1 
1, 2 
1, 3 
6, 25 
1, 2 
1, 3 
3, 13 
1, 48 
1, 6 
2, 5 
1, 5 
1, 7 
1, 7 
1, 1 
1, 1 
1, 1 
1, 1 
2, 7 
2, 8 
1, 3 
1, 3 
1, 2 
1, 2 
1, 2 
1, 2 
1, 2 
4, 10 
1, 2 
1, 2 
1, 2 
1, 2 
2, 4 
3, 22 
6, 26 
1, 4 
1, 2 
1, 2 
2, 7 
1, 2 
1, 2 
1, 2 
3, 7 
3, 7 
3, 28 
4, 7 
1, 3 
10, 33 
2, 5 
1, 2 
1, 2 
1, 1 
10, 63 
1, 3 
1, 18 
1, 35 
18, 55 
3, 18 
3, 18 
3, 18 
3, 19 
3, 18 
3, 18 
3, 18 
3, 18 
3, 18 
3, 18 
3, 18 
3, 18 
21, 64 
1, 2 
1, 10 
2, 5 
1, 2 
1, 5 
1, 5 
1, 5 
1, 5 
1, 5 
1, 2 
1, 6 
1, 5 
1, 5 
1, 2 
1, 2 
4, 25 
4, 23 
4, 49 
5, 26 
4, 53 
5, 26 
4, 21 
4, 31 
4, 25 
4, 17 
4, 15 
4, 15 
4, 23 
4, 15 
4, 23 
4, 17 
4, 23 
4, 31 
4, 31 
1, 2 
1, 2 
1, 2 
2, 4 
7, 17 
13, 27 
1, 8 
8, 29 
1, 10 
1, 8 
1, 2 
1, 2 
1, 2 
6, 13 
8, 42 
1, 2 
1, 8 
8, 29 
4, 10 
3, 4 
1, 1 
1, 4 
1, 2 
1, 5 
1, 5 
1, 5 
1, 7 
18, 88 
1, 2 
7, 18 
2, 7 
2, 7 
2, 7 
2, 7 
1, 2 
5, 34 
2, 13 
13, 47 
1, 7 
1, 2 
1, 2 
1, 2 
1, 6 
1, 6 
1, 6 
1, 6 
1, 6 
4, 11 
3, 4 
1, 2 
1, 2 
3, 11 
1, 2 
4, 30 
1, 2 
1, 2 
4, 13 
1, 16 
2, 6 
1, 2 
27, 165 
3, 12 
8, 30 
14, 64 
52, 167 
3, 14 
2, 9 
4, 41 
7, 56 
4, 25 
9, 61 
9, 23 
9, 31 
6, 30 
1, 1 
1, 1 
3, 12 
2, 7 
2, 6 
1, 2 
1, 2 
3, 6 
1, 2 
1, 2 
2, 3 
2, 7 
2, 3 
5, 15 
3, 21 
3, 10 
7, 20 
7, 14 
7, 19 
3, 10 
3, 11 
1, 1 
2, 5 
3, 10 
4, 8 
1, 1 
1, 1 
2, 3 
2, 4 
2, 4 
2, 4 
2, 4 
2, 4 
1, 5 
5, 24 
2, 4 
2, 7 
2, 37 
1, 12 
8, 57 
5, 10 
8, 14 
3, 14 
5, 8 
1, 7 
11, 43 
1, 5 
4, 54 
24, 58 
4, 7 
4, 10 
17, 29 
2, 10 
14, 71 
1, 2 
1, 2 
1, 2 
1, 2 
1, 2 
2, 4 
5, 36 
8, 12 
3, 14 
3, 10 
3, 10 
16, 286 
1, 8 
2, 8 
4, 25 
18, 68 
17, 29 
14, 71 
1, 2 
1, 2 
1, 2 
2, 5 
2, 4 
5, 43 
8, 12 
14, 38 
1, 5 
3, 14 
2, 23 
9, 26 
1, 2 
1, 3 
1, 3 
1, 2 
1, 2 
6, 12 
1, 2 
1, 5 
4, 7 
4, 9 
4, 9 
1, 3 
6, 17 
3, 9 
3, 7 
4, 12 
2, 6 
5, 11 
1, 1 
2, 8 
1, 2 
2, 4 
2, 4 
2, 4 
2, 3 
2, 5 
2, 13 
1, 8 
4, 12 
3, 6 
5, 14 
13, 18 
6, 6 
5, 25 
20, 71 
6, 32 
5, 19 
3, 11 
3, 14 
15, 33 
3, 7 
2, 3 
3, 12 
1, 2 
9, 27 
15, 72 
1, 4 
12, 39 
3, 7 
1, 11 
6, 18 
7, 20 
1, 2 
2, 6 
1, 5 
1, 5 
1, 4 
4, 21 
4, 18 
5, 13 
4, 15 
1, 4 
1, 2 
24, 53 
12, 18 
2, 4 
1, 2 
1, 2 
1, 8 
1, 6 
21, 54 
2, 5 
5, 25 
6, 52 
9, 18 
1, 1 
1, 1 
8, 24 
8, 15 
8, 13 
3, 8 
43, 230 
2, 8 
4, 9 
1, 1 
1, 1 
3, 10 
3, 11 
4, 10 
1, 2 
1, 2 
1, 2 
2, 4 
2, 6 
1, 2 
4, 18 
1, 13 
2, 3 
2, 134 
4, 18 
1, 3 
1, 3 
1, 4 
7, 14 
1, 5 
2, 7 
2, 8 
2, 6 
1, 1 
13, 127 
3, 7 
8, 25 
1, 1 
1, 2 
1, 2 
6, 10 
1, 2 
1, 2 
1, 2 
1, 2 
1, 5 
1, 1 
4, 17 
1, 2 
20, 37 
1, 2 
1, 2 
1, 2 
1, 2 
1, 2 
2, 10 
5, 22 
2, 4 
1, 2 
1, 2 
1, 2 
1, 2 
1, 2 
1, 2 
1, 2 
1, 2 
1, 2 
1, 2 
1, 2 
1, 2 
1, 2 
1, 2 
1, 2 
1, 2 
1, 2 
1, 2 
4, 15 
1, 2 
3, 8 
4, 13 
2, 4 
1, 2 
1, 2 
1, 2 
1, 2 
1, 2 
1, 2 
4, 15 
1, 2 
1, 2 
1, 2 
1, 2 
1, 2 
3, 23 
1, 1 
1, 10 
26, 89 
34, 106 
34, 103 
21, 56 
21, 44 
16, 39 
8, 15 
12, 59 
3, 13 
16, 81 
9, 39 
3, 17 
1, 2 
1, 2 
1, 3 
1, 3 
1, 3 
2, 12 
1, 1 
1, 3 
2, 10 
2, 7 
2, 7 
1, 2 
4, 9 
1, 1 
1, 1 
1, 1 
1, 4 
1, 1 
2, 6 
3, 7 
3, 7 
3, 20 
3, 10 
1, 10 
8, 36 
1, 4 
1, 2 
3, 14 
1, 2 
1, 4 
1, 2 
1, 2 
11, 55 
7, 22 
7, 29 
3, 6 
35, 120 
12, 36 
8, 16 
4, 16 
7, 18 
34, 119 
1, 5 
12, 35 
13, 38 
3, 9 
1, 5 
1, 5 
4, 10 
6, 23 
3, 6 
2, 7 
2, 9 
2, 9 
1, 2 
1, 6 
4, 12 
2, 4 
13, 51 
5, 13 
4, 12 
3, 15 
1, 2 
1, 2 
1, 4 
2, 3 
1, 115 
3, 15 
1, 2 
1, 2 
2, 5 
4, 8 
1, 5 
1, 1 
7, 17 
1, 4 
2, 3 
1, 5 
1, 5 
1, 4 
1, 3 
4, 14 
4, 14 
4, 16 
1, 3 
1, 2 
1, 3 
1, 1 
1, 1 
1, 2 
1, 5 
1, 5 
5, 12 
3, 4 
5, 12 
4, 15 
6, 51 
3, 12 
9, 21 
11, 62 
3, 12 
9, 22 
1, 3 
1, 4 
5, 11 
1, 3 
1, 2 
2, 3 
11, 15 
16, 52 
16, 52 
18, 59 
16, 52 
33, 82 
16, 52 
2, 3 
2, 3 
1, 1 
1, 2 
1, 2 
1, 2 
1, 2 
1, 2 
14, 45 
6, 19 
1, 2 
4, 8 
3, 5 
1, 3 
1, 2 
1, 23 
1, 6 
1, 6 
1, 6 
2, 7 
1, 1 
1, 1 
1, 1 
2, 3 
1, 1 
2, 7 
1, 2 
4, 20 
2, 5 
2, 8 
1, 3 
1, 2 
1, 2 
2, 4 
1, 1 
4, 25 
1, 2 
1, 2 
1, 2 
1, 2 
1, 2 
1, 6 
1, 10 
2, 54 
2, 5 
2, 8 
1, 2 
6, 16 
8, 18 
1, 2 
3, 12 
3, 11 
1, 2 
3, 11 
1, 2 
1, 4 
1, 3 
3, 6 
2, 6 
1, 6 
2, 4 
3, 8 
1, 1 
4, 25 
1, 8 
1, 8 
1, 2 
1, 2 
1, 2 
1, 2 
1, 2 
1, 2 
1, 2 
1, 2 
1, 2 
5, 8 
4, 7 
2, 5 
6, 12 
4, 6 
2, 13 
1, 1 
1, 2 
1, 3 
1, 3 
4, 12 
6, 31 
3, 7 
1, 2 
1, 2 
1, 2 
5, 15 
2, 7 
5, 15 
5, 15 
1, 2 
9, 18 
5, 16 
3, 10 
5, 15 
1, 2 
1, 2 
9, 27 
6, 12 
1, 2 
1, 2 
1, 2 
4, 11 
4, 10 
4, 10 
7, 19 
2, 8 
7, 16 
7, 16 
4, 11 
1, 2 
6, 17 
1, 2 
6, 16 
1, 2 
1, 2 
1, 2 
1, 2 
1, 2 
3, 10 
5, 25 
5, 57 
1, 2 
1, 2 
1, 2 
3, 4 
2, 4 
3, 8 
7, 28 
14, 40 
20, 68 
3, 5 
2, 6 
8, 28 
1, 2 
1, 2 
1, 2 
1, 2 
3, 4 
2, 3 
1, 2 
2, 4 
2, 4 
2, 4 
2, 4 
1, 11 
2, 3 
1, 2 
1, 4 
1, 5 
3, 11 
2, 9 
2, 9 
1, 1 
1, 2 
1, 4 
10, 54 
9, 36 
1, 2 
1, 2 
1, 2 
1, 2 
1, 2 
1, 4 
4, 7 
1, 2 
1, 2 
1, 4 
1, 1 
9, 42 
1, 15 
5, 14 
1, 2 
2, 3 
2, 3 
2, 3 
2, 3 
2, 3 
2, 3 
1, 6 
12, 52 
1, 2 
1, 2 
2, 6 
2, 6 
1, 5 
2, 5 
1, 2 
1, 2 
3, 16 
1, 4 
1, 10 
3, 11 
3, 36 
2, 11 
18, 53 
6, 23 
6, 11 
1, 1 
1, 2 
1, 5 
1, 6 
1, 2 
1, 2 
1, 2 
1, 2 
2, 4 
1, 2 
1, 2 
1, 2 
1, 2 
1, 4 
3, 25 
1, 2 
4, 10 
1, 3 
4, 12 
1, 2 
2, 4 
1, 2 
1, 1 
1, 7 
1, 1 
89, 134 
15, 22 
4, 10 
4, 10 
2, 5 
1, 2 
1, 1 
1, 2 
2, 6 
1, 1 
4, 19 
4, 18 
4, 18 
4, 15 
1, 1 
1, 2 
1, 2 
1, 2 
1, 2 
1, 2 
1, 2 
1, 2 
1, 2 
1, 2 
1, 2 
1, 2 
1, 2 
1, 2 
1, 2 
1, 2 
1, 2 
1, 2 
1, 6 
1, 7 
1, 109 
1, 2 
1, 4 
9, 45 
2, 6 
1, 2 
5, 11 
2, 8 
1, 11 
4, 37 
3, 9 
12, 25 
12, 37 
23, 52 
23, 70 
18, 27 
16, 27 
24, 50 
26, 68 
24, 73 
25, 76 
23, 70 
23, 70 
1, 8 
1, 10 
1, 2 
1, 2 
1, 2 
1, 2 
1, 2 
1, 2 
1, 2 
1, 2 
1, 2 
1, 2 
1, 2 
1, 2 
4, 8 
4, 8 
4, 29 
36, 97 
6, 17 
1, 2 
1, 5 
1, 5 
1, 5 
1, 4 
1, 5 
1, 5 
1, 5 
1, 13 
1, 1 
1, 5 
10, 47 
4, 31 
7, 5 
4, 20 
1, 2 
4, 4 
8, 15 
1, 2 
1, 2 
2, 5 
1, 4 
3, 29 
1, 4 
1, 2 
4, 13 
2, 6 
3, 6 
105, 407 
70, 241 
1, 9 
2, 129 
4, 14 
32, 141 
11, 87 
11, 68 
1, 2 
1, 3 
1, 2 
1, 2 
1, 2 
1, 2 
1, 2 
1, 2 
1, 2 
1, 2 
1, 2 
1, 2 
1, 2 
1, 2 
1, 2 
1, 2 
1, 2 
1, 2 
1, 2 
1, 3 
7, 36 
14, 36 
6, 22 
7, 20 
9, 32 
9, 40 
28, 104 
8, 26 
11, 28 
10, 36 
12, 32 
8, 30 
8, 29 
6, 22 
7, 22 
5, 18 
6, 18 
5, 18 
5, 17 
5, 17 
5, 18 
5, 22 
5, 23 
5, 20 
5, 20 
5, 20 
4, 17 
1, 2 
5, 25 
1, 2 
1, 2 
1, 1 
1, 2 
1, 2 
1, 2 
1, 2 
1, 2 
1, 2 
4, 10 
5, 14 
1, 4 
3, 10 
3, 8 
1, 1 
1, 2 
1, 2 
1, 2 
1, 2 
1, 5 
1, 5 
1, 5 
1, 5 
1, 5 
1, 42 
4, 7 
1, 1 
1, 2 
1, 2 
1, 2 
1, 2 
1, 2 
1, 2 
2, 4 
1, 2 
1, 2 
1, 2 
4, 8 
4, 18 
4, 28 
4, 28 
4, 20 
13, 40 
6, 23 
1, 4 
4, 18 
1, 2 
1, 32 
5, 9 
1, 2 
3, 8 
13, 48 
7, 27 
8, 34 
1, 4 
1, 3 
1, 3 
1, 3 
5, 33 
1, 2 
1, 5 
2, 3 
2, 10 
3, 13 
1, 3 
1, 3 
1, 3 
1, 3 
1, 3 
1, 3 
1, 3 
2, 3 
2, 3 
2, 3 
1, 2 
1, 2 
1, 2 
1, 2 
1, 2 
1, 2 
1, 2 
1, 2 
1, 2 
1, 2 
1, 2 
1, 2 
1, 2 
1, 2 
1, 2 
1, 2 
1, 2 
1, 2 
1, 2 
1, 2 
1, 2 
1, 2 
1, 2 
9, 17 
9, 17 
9, 17 
2, 4 
2, 4 
1, 2 
1, 1 
1, 1 
1, 15 
1, 16 
2, 5 
28, 62 
2, 8 
2, 6 
23, 70 
12, 34 
1, 2 
2, 4 
6, 22 
28, 70 
2, 6 
1, 5 
1, 5 
2, 3 
1, 29 
6, 34 
1, 3 
12, 70 
3, 12 
1, 5 
3, 12 
3, 11 
1, 6 
4, 17 
1, 4 
15, 35 
1, 2 
1, 2 
1, 2 
4, 11 
1, 2 
1, 2 
1, 2 
17, 64 
9, 16 
1, 2 
2, 4 
2, 7 
1, 2 
1, 2 
2, 4 
2, 7 
1, 2 
2, 4 
1, 2 
2, 4 
2, 7 
1, 2 
2, 7 
1, 2 
4, 10 
1, 5 
1, 2 
1, 2 
1, 2 
1, 3 
1, 4 
1, 4 
5, 12 
1, 1 
2, 3 
16, 59 
1, 1 
2, 3 
1, 2 
1, 2 
1, 2 
1, 2 
1, 2 
1, 2 
1, 2 
3, 121 
1, 3 
3, 8 
1, 7 
1, 2 
1, 2 
1, 9 
2, 67 
3, 8 
1, 7 
1, 11 
1, 12 
2, 3 
2, 4 
1, 2 
1, 2 
1, 2 
1, 3 
1, 3 
3, 6 
3, 11 
2, 4 
1, 2 
1, 1 
1, 4 
9, 22 
9, 18 
8, 17 
2, 7 
1, 2 
2, 10 
1, 2 
1, 2 
10, 22 
2, 10 
4, 9 
16, 22 
1, 3 
6, 13 
3, 9 
1, 3 
6, 15 
6, 15 
12, 65 
2, 29 
1, 4 
1, 2 
9, 18 
8, 17 
1, 2 
2, 10 
1, 2 
2, 10 
4, 9 
1, 3 
1, 3 
1, 4 
1, 4 
1, 5 
1, 5 
1, 4 
1, 5 
1, 7 
1, 4 
1, 5 
1, 5 
1, 5 
1, 5 
2, 15 
1, 4 
1, 4 
1, 4 
1, 11 
1, 2 
2, 17 
1, 50 
1, 18 
1, 16 
1, 2 
6, 18 
1, 3 
2, 8 
2, 4 
53, 111 
1, 3 
1, 2 
1, 2 
1, 2 
1, 2 
1, 2 
1, 2 
1, 1 
1, 1 
1, 1 
1, 1 
1, 1 
1, 1 
1, 1 
1, 1 
1, 1 
1, 1 
1, 1 
1, 1 
1, 1 
1, 1 
1, 1 
1, 1 
1, 1 
1, 1 
1, 1 
1, 3 
1, 1 
1, 2 
1, 2 
1, 2 
1, 2 
1, 2 
1, 2 
1, 2 
1, 2 
1, 2 
1, 2 
1, 2 
1, 3 
1, 12 
2, 16 
1, 2 
1, 2 
1, 2 
1, 2 
4, 6 
1, 2 
2, 5 
1, 2 
1, 2 
2, 4 
1, 2 
1, 2 
1, 2 
4, 8 
1, 1 
1, 1 
1, 1 
1, 1 
1, 1 
1, 8 
1, 2 
1, 2 
1, 2 
1, 2 
1, 2 
1, 2 
1, 2 
2, 10 
2, 12 
1, 2 
1, 3 
1, 2 
1, 2 
1, 2 
1, 1 
1, 1 
1, 1 
1, 1 
1, 1 
1, 2 
1, 5 
1, 5 
1, 5 
1, 5 
6, 40 
5, 35 
4, 15 
4, 15 
3, 12 
4, 14 
6, 37 
6, 37 
6, 37 
1, 10 
1, 8 
2, 3 
2, 67 
1, 5 
1, 10 
3, 10 
4, 24 
1, 2 
1, 3 
1, 2 
1, 2 
1, 3 
1, 3 
1, 3 
1, 2 
4, 5 
2, 4 
5, 17 
7, 36 
7, 15 
1, 2 
20, 72 
1, 2 
4, 7 
4, 8 
5, 13 
1, 2 
1, 2 
1, 2 
4, 11 
4, 10 
1, 4 
4, 14 
1, 6 
1, 3 
2, 8 
5, 23 
5, 24 
6, 18 
1, 2 
5, 17 
2, 4 
3, 8 
2, 5 
2, 6 
4, 9 
1, 6 
1, 6 
1, 5 
1, 4 
1, 5 
5, 22 
9, 28 
3, 9 
6, 18 
6, 16 
5, 14 
1, 2 
1, 2 
1, 2 
1, 2 
9, 21 
7, 15 
2, 7 
7, 6 
3, 75 
3, 9 
5, 27 
2, 10 
5, 11 
1, 2 
1, 2 
1, 2 
1, 2 
1, 2 
1, 4 
1, 2 
1, 2 
1, 4 
1, 2 
1, 11 
1, 6 
1, 2 
1, 2 
1, 4 
1, 2 
12, 82 
2, 9 
6, 24 
6, 14 
10, 71 
9, 72 
1, 4 
2, 29 
1, 5 
2, 11 
6, 11 
2, 3 
1, 2 
1, 3 
1, 3 
1, 4 
1, 5 
2, 11 
1, 2 
1, 6 
1, 2 
1, 2 
1, 2 
1, 2 
1, 2 
1, 2 
1, 2 
1, 2 
1, 2 
1, 2 
1, 2 
1, 2 
1, 2 
1, 2 
1, 2 
3, 9 
18, 34 
1, 3 
2, 6 
2, 5 
3, 6 
4, 10 
4, 22 
4, 22 
5, 17 
6, 31 
6, 30 
1, 2 
2, 4 
8, 28 
4, 8 
1, 2 
1, 2 
2, 7 
1, 2 
2, 4 
2, 7 
2, 4 
2, 7 
1, 2 
1, 2 
1, 2 
1, 10 
1, 54 
4, 7 
3, 7 
1, 2 
1, 4 
2, 12 
1, 1 
1, 4 
3, 11 
3, 11 
4, 17 
3, 15 
1, 7 
3, 4 
3, 4 
3, 4 
3, 4 
3, 12 
1, 2 
1, 2 
2, 22 
8, 41 
11, 59 
1, 2 
1, 5 
1, 2 
1, 2 
1, 2 
1, 2 
1, 2 
1, 4 
1, 6 
2, 7 
5, 13 
1, 8 
11, 21 
1, 2 
1, 2 
47, 124 
2, 6 
11, 25 
1, 2 
1, 1 
1, 1 
1, 7 
4, 25 
3, 4 
3, 4 
3, 4 
1, 2 
1, 2 
1, 3 
1, 2 
1, 2 
1, 2 
10, 44 
1, 2 
1, 2 
1, 2 
1, 2 
1, 2 
1, 2 
1, 3 
1, 2 
1, 2 
1, 2 
1, 2 
1, 2 
1, 2 
1, 2 
1, 2 
3, 9 
13, 37 
11, 31 
16, 50 
7, 40 
1, 2 
1, 2 
1, 3 
7, 30 
2, 8 
3, 7 
2, 5 
3, 4 
1, 5 
1, 1 
6, 27 
25, 88 
13, 43 
35, 107 
34, 103 
21, 56 
16, 39 
8, 15 
8, 15 
6, 7 
12, 59 
6, 32 
3, 13 
16, 81 
9, 39 
11, 40 
3, 17 
1, 2 
1, 2 
1, 2 
1, 5 
2, 3 
1, 8 
3, 5 
2, 8 
2, 5 
1, 5 
1, 3 
2, 4 
1, 2 
1, 2 
3, 4 
2, 3 
2, 4 
2, 4 
2, 4 
1, 2 
1, 2 
1, 2 
1, 3 
1, 3 
1, 5 
1, 5 
1, 5 
1, 5 
1, 5 
1, 5 
1, 5 
1, 5 
1, 5 
1, 5 
1, 5 
1, 5 
1, 5 
1, 5 
1, 5 
1, 5 
2, 11 
1, 5 
1, 5 
1, 6 
1, 6 
1, 6 
1, 6 
1, 6 
1, 7 
1, 7 
1, 7 
1, 6 
1, 6 
1, 6 
1, 6 
1, 2 
1, 2 
1, 1 
1, 2 
1, 2 
1, 5 
1, 7 
1, 7 
1, 7 
1, 7 
1, 4 
1, 2 
1, 7 
1, 6 
3, 3 
4, 7 
1, 2 
1, 2 
1, 2 
4, 7 
1, 2 
5, 12 
1, 2 
1, 2 
1, 2 
4, 27 
1, 2 
1, 4 
8, 18 
6, 15 
7, 19 
4, 13 
16, 41 
46, 122 
1, 6 
1, 6 
4, 18 
3, 17 
4, 18 
1, 15 
1, 3 
13, 39 
6, 5 
1, 1 
1, 3 
2, 9 
3, 9 
3, 9 
1, 2 
11, 50 
13, 43 
7, 46 
12, 52 
1, 3 
4, 13 
2, 3 
4, 13 
4, 8 
1, 2 
8, 20 
15, 38 
24, 114 
37, 146 
20, 58 
38, 113 
1, 2 
1, 2 
1, 12 
1, 1 
1, 2 
4, 23 
1, 4 
1, 3 
4, 55 
5, 22 
18, 66 
1, 2 
1, 2 
28, 66 
1, 3 
32, 56 
10, 19 
11, 21 
11, 21 
2, 3 
2, 3 
1, 2 
1, 2 
2, 3 
2, 3 
2, 4 
2, 3 
2, 3 
2, 3 
2, 3 
2, 3 
2, 4 
2, 3 
2, 3 
2, 3 
2, 3 
2, 3 
1, 2 
1, 2 
1, 2 
2, 5 
3, 44 
2, 8 
5, 19 
1, 2 
1, 2 
1, 2 
1, 2 
2, 17 
1, 24 
2, 6 
9, 14 
12, 55 
1, 2 
1, 2 
5, 19 
1, 2 
1, 2 
1, 2 
1, 2 
1, 15 
3, 6 
3, 20 
2, 16 
1, 2 
3, 12 
3, 11 
5, 9 
9, 41 
17, 74 
18, 68 
2, 3 
1, 2 
1, 5 
1, 4 
1, 3 
2, 3 
1, 2 
1, 2 
1, 3 
1, 2 
3, 18 
4, 21 
9, 31 
8, 26 
5, 24 
4, 19 
2, 8 
2, 8 
5, 25 
5, 26 
5, 26 
5, 28 
1, 15 
1, 15 
7, 20 
1, 2 
1, 2 
1, 2 
2, 9 
1, 1 
4, 5 
1, 1 
3, 2 
1, 1 
1, 1 
1, 2 
2, 4 
1, 1 
2, 4 
1, 2 
2, 7 
4, 10 
1, 2 
1, 2 
1, 1 
1, 1 
1, 1 
1, 1 
1, 1 
1, 1 
1, 1 
1, 1 
1, 2 
1, 2 
1, 14 
2, 9 
1, 12 
5, 12 
11, 36 
1, 2 
1, 2 
1, 2 
1, 7 
1, 7 
1, 5 
1, 5 
1, 5 
1, 5 
1, 5 
1, 5 
1, 5 
1, 5 
1, 5 
1, 9 
1, 5 
1, 5 
1, 5 
1, 5 
1, 5 
1, 5 
1, 5 
1, 5 
1, 5 
1, 5 
1, 5 
1, 5 
1, 5 
1, 5 
1, 5 
1, 5 
1, 5 
1, 5 
1, 5 
1, 5 
1, 15 
4, 5 
4, 5 
4, 4 
4, 4 
1, 4 
25, 75 
1, 2 
1, 2 
4, 5 
3, 4 
1, 2 
1, 2 
1, 2 
1, 5 
1, 5 
1, 1 
1, 5 
1, 16 
1, 2 
1, 4 
1, 2 
1, 2 
1, 2 
1, 2 
1, 2 
1, 2 
1, 2 
1, 4 
1, 2 
1, 4 
1, 4 
1, 2 
1, 4 
1, 2 
1, 4 
2, 4 
2, 4 
1, 4 
1, 2 
1, 4 
1, 2 
1, 4 
8, 6 
5, 26 
1, 3 
5, 4 
1, 5 
5, 5 
9, 17 
4, 11 
1, 2 
1, 6 
1, 5 
1, 5 
1, 5 
1, 5 
1, 5 
1, 3 
1, 5 
1, 5 
1, 5 
1, 4 
1, 32 
1, 239 
1, 167 
2, 6 
3, 35 
1, 7 
2, 4 
3, 4 
1, 5 
2, 13 
8, 17 
4, 13 
9, 38 
1, 2 
3, 4 
1, 2 
56, 135 
21, 55 
6, 37 
2, 8 
14, 43 
23, 73 
12, 34 
6, 19 
26, 79 
5, 7 
1, 6 
1, 2 
1, 2 
3, 9 
1, 2 
1, 2 
1, 2 
1, 2 
1, 2 
1, 2 
1, 2 
1, 2 
1, 20 
5, 9 
3, 11 
1, 2 
1, 5 
1, 5 
1, 5 
1, 2 
4, 13 
4, 10 
1, 2 
5, 26 
6, 15 
15, 37 
3, 17 
6, 15 
2, 10 
1, 5 
4, 19 
1, 13 
10, 311 
1, 5 
4, 19 
3, 12 
8, 15 
10, 28 
8, 25 
7, 26 
16, 62 
1, 10 
21, 86 
13, 40 
32, 100 
8, 21 
6, 6 
8, 50 
9, 50 
6, 30 
9, 31 
3, 17 
3, 17 
1, 2 
1, 2 
1, 4 
1, 4 
4, 7 
1, 2 
1, 4 
3, 7 
4, 14 
1, 3 
1, 2 
1, 2 
1, 2 
8, 32 
4, 20 
2, 5 
10, 46 
16, 48 
2, 5 
2, 4 
2, 5 
1, 2 
1, 2 
1, 2 
1, 2 
1, 2 
1, 2 
1, 2 
1, 2 
1, 2 
2, 11 
2, 6 
3, 6 
3, 12 
1, 2 
1, 2 
1, 9 
1, 5 
1, 2 
111, 285 
8, 37 
4, 14 
14, 59 
6, 19 
8, 24 
6, 18 
10, 22 
6, 11 
2, 6 
8, 14 
81, 196 
8, 40 
10, 19 
5, 14 
6, 13 
6, 10 
25, 106 
9, 28 
1, 2 
1, 2 
3, 8 
1, 5 
1, 2 
1, 2 
2, 5 
5, 19 
4, 16 
4, 16 
4, 15 
4, 19 
4, 22 
4, 21 
1, 4 
3, 12 
3, 11 
3, 11 
3, 14 
5, 43 
2, 7 
6, 17 
2, 9 
19, 74 
1, 5 
1, 5 
1, 3 
1, 3 
1, 3 
2, 4 
1, 1 
5, 11 
1, 2 
2, 4 
1, 2 
1, 2 
1, 2 
2, 6 
1, 2 
1, 1 
1, 7 
1, 5 
1, 2 
4, 23 
11, 26 
1, 1 
1, 2 
10, 43 
1, 3 
7, 71 
1, 2 
8, 33 
20, 102 
1, 2 
1, 2 
8, 27 
1, 2 
3, 9 
1, 2 
3, 10 
1, 11 
1, 4 
1, 5 
2, 4 
2, 4 
2, 4 
1, 2 
1, 2 
7, 20 
1, 2 
1, 2 
8, 23 
2, 5 
3, 9 
1, 2 
15, 38 
1, 2 
1, 2 
1, 3 
1, 3 
1, 3 
4, 10 
3, 4 
4, 7 
2, 4 
4, 12 
2, 8 
2, 12 
2, 8 
3, 13 
13, 26 
2, 27 
10, 50 
3, 8 
4, 19 
3, 10 
2, 10 
1, 2 
6, 11 
1, 4 
15, 103 
9, 29 
11, 33 
4, 9 
2, 9 
4, 18 
2, 6 
10, 51 
1, 2 
11, 58 
1, 3 
1, 2 
2, 4 
3, 6 
1, 2 
5, 16 
5, 11 
2, 8 
1, 2 
2, 5 
1, 3 
3, 6 
2, 4 
1, 2 
1, 2 
2, 5 
1, 5 
1, 5 
3, 8 
3, 8 
3, 10 
3, 12 
4, 12 
3, 13 
1, 3 
1, 3 
1, 8 
2, 9 
1, 2 
4, 15 
3, 12 
4, 12 
1, 2 
1, 2 
2, 3 
3, 13 
2, 9 
4, 13 
4, 15 
10, 33 
4, 10 
3, 7 
1, 2 
2, 8 
2, 12 
13, 32 
3, 12 
3, 12 
17, 66 
10, 23 
2, 7 
2, 8 
16, 61 
5, 34 
2, 6 
2, 7 
2, 6 
13, 43 
2, 5 
2, 5 
2, 6 
2, 6 
5, 18 
1, 2 
1, 5 
1, 2 
1, 2 
1, 2 
1, 2 
1, 2 
13, 96 
1, 4 
1, 4 
14, 44 
3, 9 
2, 7 
3, 8 
2, 8 
2, 5 
2, 8 
5, 8 
1, 2 
1, 2 
1, 2 
1, 2 
1, 1 
1, 7 
1, 3 
1, 2 
2, 15 
3, 8 
1, 4 
14, 56 
10, 36 
3, 10 
1, 3 
1, 3 
1, 4 
1, 2 
1, 2 
1, 2 
1, 2 
1, 1 
2, 3 
1, 1 
1, 2 
1, 3 
1, 2 
2, 4 
5, 8 
1, 16 
3, 64 
3, 9 
17, 42 
3, 6 
20, 120 
5, 24 
4, 21 
1, 14 
2, 4 
1, 4 
1, 2 
1, 2 
1, 2 
1, 4 
1, 2 
4, 13 
1, 16 
2, 6 
1, 2 
27, 164 
8, 30 
11, 74 
14, 64 
52, 173 
3, 14 
2, 9 
4, 41 
15, 108 
2, 17 
4, 25 
3, 11 
1, 2 
3, 10 
1, 2 
1, 2 
3, 10 
3, 8 
1, 2 
1, 2 
1, 2 
1, 4 
1, 2 
1, 4 
1, 2 
1, 2 
1, 2 
1, 4 
1, 2 
1, 4 
4, 28 
2, 9 
1, 1 
2, 17 
1, 7 
1, 2 
1, 1 
1, 2 
2, 6 
3, 18 
1, 4 
1, 1 
2, 4 
2, 6 
2, 6 
1, 5 
2, 4 
2, 6 
2, 6 
1, 2 
1, 2 
2, 24 
1, 4 
1, 2 
1, 2 
2, 9 
2, 8 
1, 2 
8, 22 
10, 40 
9, 39 
9, 39 
5, 12 
1, 6 
1, 2 
1, 2 
1, 2 
5, 14 
1, 2 
1, 3 
3, 7 
1, 2 
1, 2 
7, 13 
1, 1 
1, 4 
4, 10 
1, 2 
3, 4 
2, 3 
2, 4 
1, 1 
1, 7 
1, 2 
1, 2 
1, 2 
1, 2 
1, 2 
1, 2 
1, 2 
1, 2 
1, 2 
1, 38 
1, 1 
1, 2 
1, 2 
2, 4 
1, 2 
2, 4 
1, 2 
1, 2 
1, 5 
1, 5 
1, 2 
1, 2 
1, 2 
1, 2 
1, 2 
1, 10 
8, 32 
1, 2 
3, 13 
4, 6 
4, 7 
1, 1 
1, 1 
1, 1 
1, 1 
1, 1 
1, 2 
2, 4 
1, 1 
1, 1 
1, 1 
1, 1 
3, 6 
1, 4 
4, 8 
2, 9 
1, 2 
1, 2 
5, 50 
1, 2 
3, 9 
1, 2 
3, 9 
4, 9 
1, 2 
1, 10 
1, 10 
4, 7 
3, 14 
4, 16 
6, 26 
1, 1 
2, 8 
1, 2 
1, 3 
1, 3 
3, 32 
8, 25 
7, 86 
1, 3 
1, 2 
1, 2 
5, 21 
2, 5 
1, 3 
1, 2 
9, 33 
2, 13 
1, 1 
1, 1 
1, 1 
1, 3 
1, 5 
17, 29 
1, 2 
20, 59 
38, 135 
1, 4 
1, 6 
1, 6 
1, 7 
1, 2 
1, 2 
1, 2 
6, 15 
9, 24 
5, 16 
5, 19 
13, 50 
9, 39 
10, 44 
5, 19 
12, 51 
18, 38 
1, 2 
2, 4 
4, 9 
1, 2 
1, 3 
1, 2 
1, 2 
2, 4 
3, 14 
7, 17 
3, 19 
82, 204 
9, 20 
1, 1 
2, 9 
5, 21 
2, 5 
1, 3 
1, 2 
1, 1 
2, 13 
1, 1 
1, 1 
1, 3 
3, 15 
1, 2 
1, 2 
1, 2 
1, 2 
3, 7 
1, 2 
1, 2 
4, 27 
2, 8 
5, 27 
4, 15 
5, 29 
1, 6 
1, 2 
4, 28 
2, 3 
1, 2 
1, 2 
2, 3 
1, 48 
1, 16 
4, 7 
7, 19 
