1, 2 
1, 4 
2, 6 
3, 8 
1, 13 
2, 7 
3, 9 
2, 4 
2, 6 
1, 2 
1, 1 
1, 13 
2, 7 
2, 4 
1, 2 
1, 3 
2, 7 
1, 2 
4, 9 
7, 13 
1, 2 
1, 2 
7, 16 
3, 9 
1, 2 
2, 4 
2, 5 
2, 4 
3, 4 
3, 5 
5, 6 
1, 2 
4, 9 
1, 2 
1, 2 
1, 2 
1, 2 
1, 2 
1, 2 
2, 4 
2, 5 
2, 4 
3, 4 
3, 5 
1, 2 
14, 37 
1, 2 
1, 2 
1, 2 
1, 2 
1, 2 
1, 4 
1, 2 
5, 12 
3, 6 
3, 7 
3, 6 
3, 19 
2, 4 
3, 11 
1, 2 
1, 2 
1, 4 
1, 2 
2, 3 
1, 2 
1, 2 
3, 8 
3, 8 
1, 4 
3, 8 
2, 6 
1, 3 
1, 2 
9, 22 
4, 7 
10, 25 
5, 8 
5, 14 
3, 6 
2, 7 
1, 2 
1, 2 
1, 2 
3, 8 
3, 8 
3, 8 
1, 4 
3, 8 
1, 2 
1, 2 
1, 2 
1, 2 
1, 1 
1, 3 
3, 10 
1, 2 
1, 2 
1, 2 
3, 12 
1, 3 
1, 2 
1, 1 
1, 1 
1, 1 
1, 1 
1, 1 
1, 3 
5, 10 
2, 4 
1, 3 
1, 1 
1, 1 
1, 1 
1, 1 
1, 1 
1, 3 
5, 10 
1, 2 
1, 3 
11, 49 
1, 2 
1, 2 
1, 2 
1, 2 
9, 27 
11, 35 
2, 4 
1, 3 
5, 16 
1, 2 
1, 2 
1, 2 
1, 2 
2, 5 
1, 2 
1, 1 
1, 2 
1, 2 
1, 2 
1, 2 
1, 2 
1, 2 
1, 3 
1, 9 
1, 2 
1, 2 
1, 2 
1, 2 
1, 2 
1, 2 
1, 9 
5, 10 
5, 7 
6, 12 
11, 23 
2, 3 
2, 3 
1, 2 
1, 3 
6, 10 
13, 26 
2, 3 
1, 2 
9, 29 
1, 2 
1, 2 
1, 2 
1, 2 
1, 2 
1, 2 
15, 55 
2, 8 
5, 15 
3, 14 
8, 19 
1, 3 
1, 2 
1, 6 
1, 2 
1, 2 
1, 2 
5, 12 
2, 7 
2, 7 
2, 7 
2, 7 
8, 17 
1, 4 
1, 2 
1, 2 
7, 17 
1, 2 
3, 13 
1, 4 
1, 14 
1, 7 
1, 4 
1, 5 
1, 2 
1, 2 
1, 9 
1, 2 
15, 28 
1, 2 
1, 2 
4, 20 
16, 71 
7, 16 
1, 2 
1, 2 
1, 1 
1, 2 
1, 2 
1, 2 
1, 1 
1, 2 
1, 1 
1, 3 
1, 1 
1, 1 
1, 1 
1, 1 
2, 4 
1, 2 
1, 1 
1, 3 
1, 1 
1, 1 
1, 1 
1, 2 
5, 7 
5, 7 
1, 2 
1, 1 
1, 1 
1, 1 
1, 1 
2, 5 
2, 6 
3, 10 
1, 2 
1, 2 
1, 6 
4, 8 
2, 5 
2, 9 
3, 4 
2, 4 
3, 9 
2, 4 
3, 8 
5, 10 
1, 1 
1, 1 
1, 4 
1, 1 
1, 1 
1, 1 
1, 1 
1, 1 
3, 6 
1, 1 
1, 1 
1, 1 
1, 1 
2, 6 
1, 1 
1, 2 
1, 1 
1, 2 
1, 2 
1, 1 
1, 2 
1, 1 
1, 2 
1, 1 
1, 1 
1, 1 
1, 2 
1, 2 
1, 2 
4, 11 
2, 4 
1, 2 
1, 2 
1, 2 
1, 2 
1, 2 
1, 2 
1, 2 
1, 2 
1, 2 
1, 2 
1, 2 
1, 2 
1, 2 
1, 1 
1, 1 
1, 2 
1, 2 
2, 8 
1, 2 
1, 7 
1, 2 
25, 57 
4, 14 
1, 10 
1, 2 
2, 4 
1, 2 
2, 4 
1, 2 
1, 2 
1, 2 
18, 52 
1, 20 
19, 57 
4, 3 
1, 3 
22, 68 
1, 2 
1, 2 
1, 4 
1, 3 
1, 5 
1, 5 
1, 2 
1, 2 
1, 2 
1, 2 
1, 2 
1, 2 
1, 2 
1, 2 
1, 2 
1, 2 
1, 2 
3, 12 
5, 14 
4, 8 
1, 2 
2, 5 
7, 19 
1, 2 
1, 5 
1, 3 
3, 12 
2, 7 
2, 7 
2, 9 
2, 7 
1, 5 
3, 8 
1, 2 
1, 2 
1, 2 
1, 2 
2, 4 
1, 2 
1, 3 
1, 2 
2, 4 
2, 4 
1, 2 
1, 2 
6, 16 
1, 2 
1, 2 
1, 2 
1, 2 
1, 2 
1, 2 
6, 13 
20, 62 
1, 2 
2, 4 
1, 2 
1, 2 
1, 2 
1, 2 
2, 4 
1, 2 
2, 4 
1, 2 
1, 2 
1, 2 
1, 2 
1, 2 
1, 2 
5, 11 
6, 13 
1, 2 
1, 2 
1, 2 
2, 4 
1, 2 
2, 4 
2, 4 
1, 2 
1, 2 
3, 5 
1, 2 
1, 2 
1, 2 
6, 18 
3, 10 
1, 2 
1, 2 
1, 2 
3, 8 
3, 8 
1, 2 
1, 2 
4, 17 
1, 2 
1, 2 
1, 2 
1, 2 
1, 2 
1, 2 
1, 2 
1, 2 
1, 2 
7, 29 
3, 15 
2, 4 
2, 4 
1, 2 
1, 2 
3, 5 
1, 2 
1, 2 
1, 2 
1, 3 
1, 2 
5, 9 
1, 2 
1, 5 
1, 2 
1, 2 
1, 6 
1, 2 
5, 11 
1, 2 
1, 2 
2, 5 
2, 5 
2, 6 
2, 3 
2, 6 
10, 58 
5, 22 
2, 10 
29, 99 
12, 27 
4, 13 
1, 2 
3, 14 
1, 2 
1, 2 
1, 2 
1, 2 
1, 2 
1, 7 
1, 2 
1, 1 
1, 1 
1, 1 
1, 1 
1, 1 
1, 1 
1, 1 
1, 1 
1, 3 
1, 3 
1, 2 
1, 2 
4, 17 
9, 35 
1, 3 
6, 17 
26, 69 
25, 66 
15, 36 
11, 29 
8, 21 
1, 2 
3, 8 
1, 2 
1, 2 
1, 1 
1, 1 
1, 1 
1, 1 
1, 1 
1, 1 
1, 1 
1, 1 
1, 2 
1, 1 
1, 2 
3, 8 
2, 5 
1, 2 
1, 2 
1, 2 
1, 2 
1, 2 
1, 2 
1, 7 
1, 2 
1, 2 
1, 3 
1, 3 
3, 4 
1, 10 
1, 4 
1, 2 
1, 2 
1, 2 
1, 5 
21, 57 
4, 11 
1, 9 
1, 2 
2, 6 
1, 3 
1, 3 
1, 2 
1, 2 
1, 2 
1, 2 
1, 2 
1, 2 
2, 7 
1, 5 
1, 2 
1, 2 
1, 7 
1, 3 
1, 5 
19, 43 
1, 7 
1, 3 
1, 3 
1, 3 
1, 2 
1, 2 
5, 10 
1, 2 
1, 2 
1, 6 
1, 2 
1, 2 
1, 6 
1, 2 
1, 6 
1, 5 
1, 2 
1, 2 
1, 2 
1, 2 
1, 2 
2, 8 
2, 4 
5, 16 
1, 2 
3, 7 
4, 21 
2, 4 
1, 2 
3, 13 
1, 2 
1, 6 
1, 2 
3, 8 
4, 6 
1, 3 
1, 2 
1, 2 
1, 2 
1, 6 
1, 2 
3, 5 
6, 20 
6, 20 
2, 6 
6, 14 
3, 7 
2, 5 
3, 7 
3, 7 
2, 5 
3, 14 
1, 2 
1, 3 
1, 2 
1, 4 
1, 2 
1, 2 
1, 12 
1, 2 
1, 2 
1, 2 
1, 2 
1, 2 
1, 2 
1, 2 
3, 7 
34, 108 
11, 18 
34, 103 
11, 24 
1, 4 
1, 2 
1, 2 
1, 2 
1, 2 
1, 2 
1, 2 
1, 2 
1, 2 
1, 2 
1, 2 
1, 2 
2, 33 
1, 4 
3, 16 
1, 2 
1, 1 
1, 2 
1, 3 
1, 1 
1, 3 
1, 3 
1, 2 
1, 4 
1, 2 
1, 6 
3, 9 
1, 3 
1, 3 
1, 3 
6, 38 
2, 7 
3, 11 
1, 3 
3, 7 
16, 66 
1, 13 
1, 2 
1, 2 
7, 22 
1, 2 
13, 40 
1, 2 
1, 2 
1, 4 
1, 2 
1, 2 
1, 2 
2, 4 
2, 4 
1, 2 
10, 25 
19, 64 
1, 9 
1, 15 
2, 5 
11, 26 
11, 46 
19, 63 
11, 34 
3, 15 
1, 2 
12, 29 
5, 10 
11, 22 
6, 17 
20, 61 
6, 14 
6, 15 
1, 2 
15, 44 
5, 7 
3, 12 
9, 31 
7, 22 
6, 14 
9, 31 
8, 18 
14, 42 
2, 5 
43, 88 
5, 20 
1, 2 
1, 4 
1, 2 
1, 2 
2, 3 
2, 2 
1, 1 
1, 1 
2, 4 
1, 2 
1, 2 
1, 2 
1, 3 
1, 2 
1, 2 
1, 3 
1, 3 
4, 9 
1, 2 
3, 13 
1, 2 
1, 2 
1, 2 
1, 2 
1, 2 
1, 2 
1, 2 
1, 2 
1, 2 
1, 2 
3, 9 
1, 2 
1, 2 
2, 5 
1, 3 
1, 2 
1, 2 
1, 2 
1, 2 
4, 9 
1, 2 
3, 10 
7, 20 
5, 12 
2, 4 
2, 3 
1, 2 
14, 37 
2, 4 
2, 4 
1, 2 
10, 22 
2, 6 
2, 6 
1, 6 
1, 5 
1, 3 
1, 6 
1, 3 
1, 3 
1, 2 
1, 3 
1, 2 
1, 2 
1, 2 
1, 4 
1, 4 
1, 4 
1, 3 
1, 3 
1, 3 
1, 3 
1, 3 
1, 3 
1, 3 
1, 3 
1, 3 
1, 3 
1, 9 
1, 4 
2, 6 
2, 6 
2, 6 
2, 4 
2, 6 
3, 9 
1, 2 
2, 7 
1, 1 
1, 2 
2, 6 
3, 8 
2, 4 
3, 22 
1, 2 
2, 4 
3, 9 
10, 35 
1, 2 
1, 2 
1, 2 
4, 11 
3, 7 
5, 13 
3, 6 
6, 64 
1, 2 
1, 2 
1, 2 
1, 2 
1, 2 
1, 2 
12, 25 
4, 11 
4, 19 
1, 4 
1, 2 
2, 4 
7, 14 
5, 18 
1, 2 
1, 2 
2, 3 
1, 2 
3, 8 
1, 2 
2, 6 
1, 2 
1, 2 
1, 3 
3, 8 
1, 2 
4, 7 
3, 10 
3, 10 
3, 7 
1, 4 
1, 3 
1, 1 
1, 2 
5, 9 
1, 1 
1, 2 
1, 1 
2, 35 
1, 2 
1, 4 
1, 2 
1, 4 
1, 2 
1, 4 
1, 2 
1, 2 
1, 2 
1, 2 
1, 2 
1, 2 
1, 2 
1, 2 
1, 2 
6, 16 
1, 2 
1, 2 
2, 5 
2, 5 
3, 9 
2, 5 
1, 2 
1, 7 
6, 15 
5, 18 
8, 19 
12, 28 
4, 17 
38, 130 
10, 22 
8, 21 
3, 11 
41, 127 
9, 23 
4, 11 
4, 8 
2, 4 
1, 2 
1, 2 
1, 4 
1, 2 
1, 2 
12, 26 
1, 4 
1, 2 
1, 2 
1, 3 
1, 2 
1, 2 
2, 4 
15, 38 
10, 25 
1, 3 
1, 2 
1, 2 
9, 24 
7, 19 
1, 2 
1, 2 
3, 9 
1, 3 
1, 6 
1, 26 
4, 10 
1, 2 
1, 2 
2, 4 
2, 5 
4, 11 
2, 5 
4, 11 
2, 4 
2, 4 
2, 5 
2, 4 
2, 4 
2, 5 
2, 5 
2, 4 
2, 4 
2, 4 
2, 5 
2, 5 
4, 11 
2, 5 
2, 5 
2, 5 
2, 5 
2, 5 
2, 5 
4, 11 
2, 5 
2, 4 
2, 5 
2, 5 
2, 6 
3, 12 
1, 2 
2, 7 
36, 99 
1, 2 
1, 2 
3, 8 
8, 13 
2, 4 
1, 2 
7, 19 
1, 5 
2, 4 
2, 4 
1, 2 
3, 7 
1, 2 
1, 4 
1, 5 
1, 1 
2, 3 
1, 2 
1, 2 
1, 2 
1, 2 
1, 2 
1, 3 
5, 11 
5, 21 
2, 4 
1, 2 
1, 2 
1, 2 
1, 2 
1, 2 
1, 2 
1, 2 
1, 2 
1, 2 
1, 2 
1, 2 
1, 2 
1, 2 
1, 2 
1, 2 
1, 2 
1, 2 
1, 2 
1, 2 
1, 2 
2, 3 
1, 2 
1, 2 
1, 2 
1, 2 
1, 2 
1, 2 
1, 2 
1, 2 
1, 2 
1, 2 
1, 2 
1, 1 
1, 2 
1, 2 
1, 2 
1, 4 
1, 2 
1, 2 
1, 2 
1, 2 
1, 2 
1, 4 
1, 1 
1, 3 
2, 3 
8, 9 
1, 2 
2, 7 
2, 7 
1, 2 
2, 4 
1, 2 
1, 3 
3, 9 
1, 3 
2, 2 
2, 6 
1, 1 
1, 2 
1, 7 
3, 13 
5, 10 
1, 2 
10, 31 
15, 31 
3, 7 
5, 16 
8, 22 
4, 7 
1, 2 
1, 2 
1, 2 
1, 2 
1, 2 
2, 3 
1, 2 
1, 2 
1, 2 
1, 2 
1, 2 
1, 2 
1, 2 
1, 1 
1, 2 
1, 3 
1, 2 
3, 6 
1, 3 
1, 2 
1, 2 
1, 2 
18, 72 
30, 75 
36, 66 
17, 53 
3, 14 
1, 1 
23, 84 
7, 28 
4, 15 
5, 20 
2, 5 
2, 5 
2, 5 
3, 8 
2, 5 
3, 5 
5, 13 
2, 7 
2, 6 
1, 1 
3, 6 
3, 6 
1, 2 
1, 2 
1, 3 
1, 3 
1, 2 
1, 2 
1, 4 
1, 4 
1, 4 
1, 1 
1, 2 
1, 2 
2, 8 
2, 8 
1, 2 
4, 14 
5, 17 
1, 3 
1, 3 
1, 3 
1, 5 
1, 4 
1, 3 
1, 4 
2, 8 
2, 8 
4, 14 
7, 21 
1, 3 
9, 27 
2, 5 
2, 6 
1, 6 
39, 104 
1, 8 
1, 2 
1, 2 
1, 2 
3, 8 
1, 2 
1, 2 
1, 2 
1, 2 
1, 2 
1, 2 
1, 2 
1, 2 
1, 2 
7, 26 
1, 2 
6, 20 
5, 7 
1, 2 
1, 9 
4, 11 
6, 23 
1, 6 
39, 104 
1, 2 
1, 8 
1, 2 
1, 1 
1, 3 
1, 1 
1, 3 
1, 1 
1, 1 
1, 3 
1, 2 
1, 2 
1, 4 
6, 14 
26, 78 
17, 59 
6, 19 
6, 13 
1, 2 
4, 8 
1, 1 
1, 2 
3, 7 
7, 15 
2, 4 
12, 27 
2, 5 
12, 29 
2, 5 
12, 28 
2, 5 
1, 2 
1, 2 
1, 2 
5, 10 
2, 4 
6, 12 
2, 4 
2, 4 
1, 2 
24, 48 
2, 4 
2, 4 
8, 33 
8, 27 
8, 11 
1, 2 
1, 5 
1, 2 
1, 2 
1, 2 
3, 18 
1, 2 
1, 2 
1, 2 
1, 2 
1, 2 
1, 2 
1, 2 
1, 2 
2, 5 
2, 5 
2, 5 
2, 5 
1, 2 
1, 2 
1, 2 
1, 2 
2, 2 
1, 3 
10, 60 
3, 9 
3, 6 
3, 3 
3, 3 
3, 3 
1, 2 
1, 2 
2, 2 
2, 2 
3, 2 
5, 11 
1, 2 
1, 2 
1, 2 
1, 2 
1, 2 
4, 9 
3, 4 
2, 16 
1, 3 
1, 3 
1, 2 
1, 2 
3, 11 
1, 3 
1, 11 
1, 5 
2, 5 
2, 6 
17, 33 
22, 36 
2, 5 
2, 7 
8, 20 
5, 13 
3, 7 
13, 21 
9, 18 
1, 2 
1, 1 
1, 1 
1, 2 
1, 2 
1, 2 
1, 2 
1, 2 
3, 11 
1, 2 
21, 57 
4, 8 
37, 85 
15, 34 
6, 13 
14, 36 
3, 6 
3, 6 
5, 11 
5, 15 
2, 4 
5, 13 
2, 5 
2, 7 
14, 23 
5, 12 
8, 22 
6, 19 
7, 24 
12, 25 
1, 1 
1, 1 
1, 2 
1, 3 
1, 2 
1, 1 
1, 1 
1, 1 
1, 1 
1, 1 
1, 1 
1, 1 
1, 1 
1, 5 
1, 2 
1, 2 
1, 2 
2, 5 
1, 2 
3, 16 
6, 21 
2, 7 
1, 1 
1, 5 
3, 9 
4, 15 
1, 2 
1, 2 
1, 1 
4, 11 
2, 6 
3, 8 
1, 2 
1, 2 
1, 2 
1, 2 
1, 2 
2, 4 
1, 2 
1, 2 
4, 14 
1, 2 
1, 2 
1, 2 
1, 2 
1, 2 
1, 2 
1, 2 
1, 2 
1, 2 
5, 18 
5, 12 
1, 2 
6, 24 
7, 26 
1, 5 
1, 18 
1, 3 
1, 2 
1, 2 
1, 2 
1, 3 
7, 12 
1, 2 
1, 2 
1, 3 
1, 3 
1, 2 
1, 3 
1, 2 
1, 2 
1, 4 
1, 5 
4, 9 
1, 2 
2, 4 
1, 2 
3, 9 
1, 2 
3, 18 
1, 2 
1, 2 
1, 2 
4, 9 
1, 2 
1, 2 
2, 4 
1, 2 
1, 7 
1, 2 
1, 2 
1, 2 
1, 2 
1, 2 
1, 2 
1, 2 
1, 1 
5, 14 
1, 4 
1, 2 
1, 4 
9, 22 
2, 5 
1, 2 
1, 2 
1, 2 
1, 4 
1, 3 
1, 10 
17, 28 
12, 23 
12, 20 
1, 4 
10, 30 
14, 41 
15, 76 
5, 38 
1, 2 
1, 2 
1, 2 
1, 2 
1, 6 
6, 8 
1, 3 
1, 3 
1, 2 
4, 13 
6, 15 
1, 3 
11, 29 
1, 2 
6, 39 
2, 7 
1, 4 
14, 41 
15, 76 
17, 51 
5, 38 
1, 2 
1, 2 
1, 2 
1, 2 
1, 2 
2, 4 
6, 8 
1, 2 
1, 3 
1, 3 
2, 9 
1, 2 
30, 110 
4, 13 
3, 12 
6, 15 
11, 29 
2, 3 
5, 11 
4, 7 
7, 14 
4, 9 
7, 22 
1, 2 
1, 2 
1, 3 
6, 15 
1, 2 
1, 2 
8, 18 
2, 3 
1, 2 
1, 2 
1, 2 
1, 10 
1, 2 
1, 2 
2, 7 
1, 2 
3, 5 
3, 5 
3, 6 
3, 6 
9, 20 
3, 5 
2, 3 
5, 11 
4, 7 
1, 2 
2, 11 
1, 2 
4, 20 
1, 2 
1, 2 
1, 9 
1, 3 
1, 3 
1, 3 
2, 4 
3, 8 
1, 2 
1, 5 
5, 19 
3, 4 
1, 3 
1, 3 
1, 2 
2, 4 
1, 2 
2, 8 
2, 4 
1, 2 
1, 2 
1, 6 
1, 2 
1, 2 
1, 1 
1, 2 
1, 2 
1, 2 
1, 2 
3, 12 
3, 15 
1, 2 
1, 2 
1, 3 
1, 2 
1, 2 
1, 1 
1, 1 
1, 1 
1, 1 
1, 1 
1, 1 
1, 2 
1, 2 
1, 1 
1, 1 
1, 1 
1, 1 
1, 2 
1, 1 
1, 2 
1, 1 
1, 1 
1, 2 
1, 2 
1, 1 
1, 2 
1, 2 
1, 2 
1, 1 
1, 1 
1, 2 
1, 1 
1, 2 
1, 2 
1, 1 
1, 2 
1, 2 
1, 2 
1, 2 
1, 2 
1, 2 
3, 7 
5, 14 
2, 4 
1, 2 
1, 2 
1, 2 
1, 2 
1, 2 
6, 13 
3, 7 
1, 4 
9, 36 
11, 29 
1, 2 
1, 2 
7, 20 
7, 28 
11, 36 
7, 23 
2, 7 
25, 67 
36, 120 
1, 2 
9, 23 
9, 23 
4, 11 
3, 9 
3, 8 
1, 2 
1, 2 
5, 16 
2, 5 
1, 1 
1, 2 
1, 2 
1, 2 
1, 2 
5, 16 
2, 5 
2, 5 
1, 3 
4, 11 
1, 2 
1, 2 
1, 2 
1, 1 
1, 2 
1, 2 
1, 2 
1, 2 
1, 2 
1, 2 
1, 2 
1, 2 
1, 2 
1, 2 
1, 2 
1, 2 
1, 2 
1, 2 
1, 2 
1, 2 
1, 2 
1, 2 
6, 21 
1, 2 
2, 3 
2, 3 
1, 2 
4, 9 
2, 3 
2, 3 
2, 3 
4, 12 
1, 2 
1, 2 
23, 98 
1, 8 
1, 1 
1, 1 
1, 2 
1, 1 
13, 39 
7, 16 
9, 32 
8, 31 
30, 68 
6, 24 
7, 23 
3, 24 
21, 78 
3, 9 
6, 26 
6, 23 
14, 49 
4, 12 
1, 4 
1, 6 
1, 4 
1, 4 
6, 12 
5, 9 
13, 38 
11, 35 
5, 12 
8, 20 
5, 15 
5, 15 
1, 2 
1, 2 
1, 3 
1, 2 
1, 2 
1, 2 
1, 2 
1, 2 
1, 2 
1, 2 
1, 2 
9, 27 
9, 31 
1, 1 
1, 3 
1, 2 
1, 1 
1, 2 
1, 1 
1, 1 
1, 3 
2, 5 
1, 3 
1, 2 
3, 5 
3, 5 
2, 5 
1, 2 
1, 2 
2, 8 
21, 66 
5, 14 
1, 2 
1, 2 
1, 2 
1, 2 
1, 2 
1, 2 
1, 2 
1, 2 
1, 2 
1, 2 
1, 2 
15, 53 
6, 14 
3, 7 
3, 9 
3, 12 
3, 11 
3, 9 
1, 6 
2, 5 
1, 6 
9, 34 
1, 2 
3, 13 
3, 9 
2, 6 
1, 2 
1, 5 
1, 2 
1, 2 
7, 35 
1, 3 
1, 3 
1, 2 
2, 3 
5, 17 
1, 2 
35, 145 
6, 18 
1, 3 
1, 2 
4, 16 
5, 11 
3, 5 
3, 13 
7, 18 
1, 5 
3, 4 
2, 8 
2, 7 
1, 2 
1, 2 
1, 2 
1, 2 
1, 3 
1, 2 
2, 3 
1, 2 
1, 2 
1, 2 
1, 2 
1, 2 
1, 2 
1, 2 
1, 2 
1, 3 
1, 2 
1, 2 
3, 13 
1, 8 
2, 4 
2, 4 
2, 4 
2, 5 
2, 5 
4, 11 
1, 2 
1, 4 
8, 31 
1, 2 
1, 2 
1, 2 
1, 2 
1, 2 
1, 2 
1, 2 
4, 12 
4, 7 
4, 7 
1, 2 
6, 11 
7, 16 
3, 8 
17, 31 
4, 20 
1, 2 
1, 2 
1, 2 
1, 2 
2, 4 
1, 7 
5, 13 
2, 7 
1, 1 
1, 2 
1, 2 
1, 3 
1, 2 
2, 3 
1, 2 
1, 2 
1, 2 
1, 2 
4, 6 
4, 10 
5, 7 
4, 9 
1, 2 
1, 2 
1, 5 
1, 2 
1, 2 
1, 2 
12, 49 
1, 2 
1, 2 
1, 2 
1, 3 
1, 2 
1, 2 
3, 13 
1, 8 
7, 19 
1, 2 
5, 13 
1, 1 
2, 3 
2, 3 
3, 9 
1, 4 
1, 2 
2, 8 
10, 30 
7, 24 
2, 9 
1, 4 
8, 28 
1, 11 
4, 9 
3, 6 
3, 5 
1, 2 
1, 3 
1, 2 
1, 2 
1, 2 
1, 2 
9, 20 
6, 20 
3, 11 
13, 32 
1, 2 
2, 7 
2, 6 
1, 3 
1, 2 
1, 2 
1, 2 
1, 2 
1, 2 
1, 2 
1, 2 
1, 2 
1, 2 
1, 2 
1, 2 
5, 18 
1, 2 
1, 2 
3, 8 
1, 2 
1, 2 
1, 2 
1, 2 
1, 2 
1, 2 
2, 5 
1, 2 
1, 2 
1, 2 
3, 5 
1, 2 
3, 6 
4, 9 
3, 10 
4, 7 
3, 5 
1, 2 
1, 2 
1, 2 
1, 2 
1, 2 
1, 2 
1, 2 
1, 2 
1, 2 
1, 2 
8, 17 
8, 9 
1, 10 
5, 13 
25, 62 
14, 39 
7, 25 
1, 2 
5, 18 
1, 11 
4, 9 
5, 16 
2, 8 
2, 8 
2, 8 
2, 11 
2, 11 
3, 14 
3, 14 
3, 13 
4, 45 
1, 1 
1, 1 
1, 1 
1, 1 
1, 1 
1, 1 
1, 1 
1, 1 
1, 1 
1, 1 
1, 1 
1, 1 
1, 1 
1, 1 
1, 1 
1, 2 
1, 2 
1, 2 
1, 2 
1, 2 
4, 14 
2, 18 
19, 47 
2, 11 
9, 20 
1, 2 
11, 27 
16, 40 
16, 40 
34, 81 
64, 147 
24, 57 
41, 87 
10, 18 
6, 19 
2, 12 
9, 20 
25, 48 
6, 19 
27, 58 
6, 24 
2, 11 
2, 8 
2, 5 
2, 5 
4, 7 
2, 3 
2, 3 
3, 4 
2, 3 
3, 7 
3, 7 
5, 11 
2, 3 
2, 3 
2, 3 
4, 7 
2, 3 
3, 7 
3, 7 
2, 3 
4, 7 
2, 3 
3, 7 
4, 7 
2, 3 
2, 3 
2, 3 
2, 3 
2, 3 
6, 13 
4, 7 
3, 4 
4, 8 
5, 11 
3, 4 
2, 3 
3, 7 
4, 9 
2, 3 
1, 2 
1, 2 
4, 8 
1, 2 
3, 9 
3, 7 
3, 8 
7, 18 
10, 14 
2, 6 
3, 6 
2, 4 
10, 17 
1, 1 
1, 1 
3, 6 
2, 7 
1, 2 
1, 2 
2, 4 
1, 2 
1, 2 
1, 1 
1, 2 
1, 2 
1, 1 
1, 2 
1, 2 
1, 1 
2, 4 
1, 3 
1, 3 
1, 2 
1, 3 
1, 3 
1, 2 
1, 2 
1, 2 
1, 2 
1, 1 
1, 2 
1, 2 
8, 24 
2, 4 
2, 4 
2, 4 
6, 14 
2, 4 
2, 5 
2, 4 
2, 5 
4, 16 
7, 21 
1, 2 
1, 2 
1, 2 
1, 2 
1, 2 
1, 2 
3, 7 
2, 10 
2, 8 
9, 36 
4, 12 
5, 15 
2, 5 
1, 5 
1, 2 
1, 2 
1, 3 
2, 5 
19, 43 
2, 6 
2, 7 
1, 2 
1, 2 
1, 2 
1, 3 
1, 3 
1, 3 
1, 3 
1, 3 
1, 3 
1, 2 
1, 3 
1, 3 
1, 2 
4, 21 
2, 12 
1, 2 
10, 27 
3, 4 
1, 2 
1, 3 
3, 7 
2, 10 
2, 8 
9, 36 
4, 12 
5, 15 
2, 5 
1, 2 
1, 3 
1, 2 
1, 3 
2, 3 
2, 5 
2, 3 
19, 43 
2, 6 
1, 2 
1, 3 
1, 3 
1, 3 
1, 3 
1, 3 
1, 3 
1, 3 
1, 3 
1, 3 
1, 2 
1, 3 
1, 3 
1, 2 
4, 21 
2, 12 
1, 2 
3, 4 
1, 2 
1, 2 
1, 4 
1, 15 
4, 15 
4, 15 
4, 15 
4, 15 
4, 15 
4, 15 
4, 23 
1, 8 
3, 16 
3, 19 
1, 5 
4, 15 
3, 14 
1, 3 
4, 15 
1, 6 
1, 5 
12, 46 
2, 18 
2, 4 
9, 24 
4, 11 
5, 13 
4, 11 
3, 7 
3, 7 
4, 11 
4, 11 
4, 11 
4, 11 
4, 11 
4, 11 
4, 21 
5, 16 
4, 10 
4, 8 
1, 2 
1, 3 
1, 2 
1, 4 
1, 2 
1, 2 
1, 2 
1, 2 
1, 2 
1, 2 
1, 2 
2, 7 
7, 25 
5, 14 
4, 10 
6, 23 
1, 3 
1, 3 
1, 2 
3, 8 
10, 27 
1, 2 
6, 15 
3, 6 
8, 25 
8, 18 
5, 11 
3, 6 
4, 11 
1, 2 
1, 5 
1, 2 
1, 2 
1, 4 
1, 2 
1, 2 
1, 2 
1, 2 
1, 2 
1, 2 
16, 46 
2, 9 
1, 2 
1, 2 
3, 20 
1, 3 
2, 6 
2, 5 
1, 3 
2, 7 
1, 5 
1, 3 
3, 18 
2, 5 
1, 2 
2, 8 
1, 2 
1, 2 
2, 5 
1, 2 
2, 7 
5, 11 
1, 2 
6, 19 
8, 22 
3, 9 
4, 25 
1, 11 
7, 19 
1, 3 
8, 28 
9, 14 
5, 18 
4, 9 
3, 6 
3, 10 
13, 39 
1, 3 
2, 6 
2, 7 
8, 27 
12, 19 
2, 7 
8, 27 
1, 5 
1, 5 
1, 6 
6, 12 
6, 16 
1, 3 
1, 4 
1, 5 
3, 8 
18, 39 
13, 53 
16, 34 
17, 46 
18, 36 
5, 11 
2, 7 
3, 8 
18, 37 
8, 23 
21, 33 
1, 1 
2, 7 
1, 2 
1, 4 
11, 26 
1, 2 
1, 2 
1, 2 
4, 9 
1, 2 
2, 4 
5, 17 
1, 2 
2, 4 
9, 31 
9, 23 
8, 25 
6, 18 
2, 4 
1, 4 
1, 4 
1, 2 
1, 2 
1, 2 
1, 2 
1, 2 
1, 2 
2, 3 
1, 3 
1, 2 
1, 2 
1, 1 
1, 1 
1, 1 
1, 1 
1, 1 
1, 1 
1, 1 
2, 3 
1, 3 
3, 13 
5, 11 
1, 2 
4, 15 
6, 25 
1, 2 
2, 4 
3, 8 
3, 7 
3, 8 
1, 2 
1, 2 
1, 3 
16, 47 
2, 6 
2, 5 
1, 3 
2, 8 
1, 2 
1, 2 
6, 10 
1, 2 
1, 2 
9, 31 
1, 2 
4, 15 
1, 2 
4, 11 
3, 8 
8, 24 
1, 2 
3, 12 
1, 2 
3, 7 
9, 39 
1, 2 
1, 2 
1, 2 
1, 2 
2, 9 
3, 8 
1, 2 
2, 10 
2, 14 
1, 2 
1, 2 
2, 6 
2, 5 
2, 5 
1, 2 
1, 2 
1, 2 
1, 2 
1, 2 
1, 2 
1, 2 
1, 2 
1, 2 
1, 76 
1, 2 
1, 7 
5, 18 
1, 5 
1, 1 
1, 10 
1, 2 
1, 2 
1, 2 
1, 2 
1, 2 
1, 2 
1, 2 
1, 2 
1, 2 
8, 15 
1, 2 
1, 2 
1, 7 
2, 2 
4, 6 
8, 18 
8, 23 
13, 24 
2, 8 
2, 3 
4, 5 
1, 1 
1, 7 
18, 39 
1, 1 
1, 7 
2, 2 
4, 6 
8, 23 
13, 24 
13, 29 
2, 3 
4, 5 
1, 2 
1, 2 
1, 5 
1, 5 
1, 2 
9, 24 
1, 2 
1, 3 
1, 2 
1, 2 
3, 7 
1, 2 
1, 2 
3, 6 
1, 2 
1, 2 
6, 58 
9, 39 
1, 2 
1, 2 
4, 14 
1, 3 
1, 4 
1, 2 
4, 9 
1, 2 
1, 2 
1, 2 
1, 1 
1, 1 
1, 1 
1, 1 
1, 1 
1, 1 
1, 1 
1, 1 
1, 1 
1, 3 
1, 2 
2, 7 
3, 10 
2, 3 
1, 3 
4, 19 
1, 2 
2, 7 
2, 9 
4, 25 
2, 6 
1, 5 
6, 23 
2, 13 
1, 3 
6, 13 
1, 5 
7, 41 
3, 9 
2, 4 
1, 3 
4, 19 
1, 6 
1, 2 
1, 2 
1, 2 
1, 2 
1, 2 
1, 2 
1, 2 
1, 2 
1, 2 
1, 2 
1, 2 
1, 2 
1, 2 
7, 23 
12, 25 
1, 2 
1, 2 
2, 4 
1, 2 
2, 4 
2, 7 
6, 12 
2, 3 
3, 12 
1, 2 
2, 6 
1, 2 
1, 2 
1, 2 
1, 2 
1, 2 
1, 2 
1, 2 
1, 2 
1, 5 
2, 7 
4, 6 
17, 39 
3, 7 
2, 5 
14, 41 
12, 34 
7, 25 
2, 6 
3, 9 
5, 13 
4, 19 
2, 3 
9, 17 
2, 8 
4, 14 
1, 2 
1, 2 
1, 2 
1, 2 
2, 2 
1, 2 
1, 3 
2, 5 
3, 5 
2, 7 
1, 4 
1, 3 
1, 2 
1, 2 
1, 2 
1, 2 
1, 2 
1, 2 
1, 2 
1, 2 
1, 2 
1, 2 
1, 2 
2, 4 
1, 2 
1, 2 
1, 2 
1, 2 
1, 2 
1, 2 
1, 2 
1, 2 
1, 2 
1, 2 
2, 4 
1, 4 
4, 9 
2, 4 
4, 14 
1, 2 
10, 34 
7, 18 
1, 3 
1, 2 
1, 2 
5, 10 
3, 13 
1, 2 
1, 2 
1, 2 
1, 3 
1, 2 
5, 9 
1, 2 
3, 7 
1, 2 
1, 2 
3, 7 
1, 2 
10, 20 
1, 6 
1, 2 
2, 8 
2, 3 
3, 5 
3, 6 
2, 3 
1, 2 
6, 11 
9, 33 
1, 5 
1, 2 
9, 34 
1, 2 
5, 9 
1, 2 
4, 3 
1, 2 
1, 1 
1, 2 
1, 2 
2, 5 
3, 7 
2, 15 
2, 4 
3, 9 
1, 2 
1, 2 
1, 2 
1, 2 
1, 2 
1, 2 
1, 2 
14, 39 
1, 2 
1, 1 
1, 2 
1, 2 
1, 2 
1, 2 
1, 2 
5, 15 
6, 12 
1, 2 
1, 2 
10, 31 
4, 11 
1, 2 
14, 47 
2, 4 
4, 14 
2, 6 
2, 7 
3, 6 
1, 2 
4, 10 
3, 8 
2, 8 
6, 14 
1, 2 
1, 2 
1, 2 
1, 2 
1, 2 
3, 7 
2, 3 
2, 5 
1, 2 
1, 2 
1, 2 
1, 2 
1, 2 
1, 13 
1, 2 
6, 18 
7, 20 
5, 15 
5, 15 
4, 12 
3, 3 
1, 2 
1, 2 
1, 2 
1, 2 
1, 2 
1, 2 
1, 2 
1, 2 
1, 2 
1, 2 
1, 2 
1, 2 
1, 2 
1, 2 
1, 2 
1, 2 
1, 2 
1, 2 
1, 2 
1, 2 
1, 2 
1, 1 
5, 10 
4, 15 
1, 5 
2, 4 
2, 4 
2, 7 
2, 4 
7, 17 
7, 15 
1, 2 
1, 2 
5, 13 
1, 2 
1, 2 
4, 11 
1, 2 
8, 26 
1, 2 
1, 2 
1, 2 
4, 12 
2, 6 
1, 2 
1, 2 
2, 4 
1, 2 
1, 2 
1, 4 
1, 2 
3, 4 
3, 13 
2, 6 
2, 4 
4, 16 
4, 6 
1, 2 
1, 2 
1, 3 
24, 95 
1, 3 
6, 21 
1, 2 
1, 2 
12, 48 
4, 10 
2, 7 
1, 2 
1, 2 
1, 3 
1, 4 
2, 6 
2, 3 
1, 3 
3, 2 
1, 2 
1, 2 
4, 7 
1, 2 
1, 2 
1, 2 
1, 2 
1, 2 
1, 2 
1, 2 
2, 9 
1, 11 
2, 5 
1, 2 
2, 4 
1, 4 
2, 4 
2, 3 
3, 7 
2, 3 
2, 9 
1, 2 
1, 2 
1, 3 
1, 2 
1, 2 
1, 1 
1, 1 
2, 4 
1, 2 
3, 7 
1, 2 
1, 5 
1, 2 
1, 2 
1, 2 
1, 2 
1, 2 
1, 2 
1, 2 
3, 5 
1, 2 
8, 22 
4, 17 
1, 2 
5, 17 
4, 11 
2, 6 
11, 27 
1, 2 
5, 10 
1, 2 
5, 10 
2, 5 
3, 7 
6, 13 
2, 4 
1, 2 
1, 2 
1, 2 
1, 3 
3, 5 
2, 4 
2, 5 
1, 3 
1, 2 
1, 4 
1, 4 
1, 4 
1, 2 
2, 5 
1, 2 
1, 2 
3, 4 
6, 14 
6, 13 
4, 12 
3, 5 
8, 16 
8, 26 
1, 2 
1, 6 
1, 6 
1, 2 
9, 24 
2, 4 
1, 2 
3, 9 
1, 2 
1, 2 
1, 2 
4, 11 
1, 2 
4, 11 
21, 64 
1, 1 
4, 15 
1, 1 
1, 1 
1, 1 
1, 1 
1, 1 
1, 1 
1, 1 
1, 2 
1, 3 
1, 1 
1, 1 
1, 1 
1, 1 
1, 1 
1, 1 
1, 1 
1, 1 
1, 1 
1, 1 
1, 1 
1, 1 
1, 1 
1, 1 
1, 1 
1, 1 
1, 1 
1, 1 
1, 1 
1, 1 
1, 1 
1, 1 
1, 1 
1, 1 
1, 1 
1, 1 
1, 1 
1, 1 
1, 1 
1, 1 
1, 1 
1, 1 
1, 1 
1, 1 
1, 1 
1, 1 
1, 1 
1, 1 
1, 1 
1, 1 
1, 1 
1, 1 
1, 1 
1, 1 
1, 1 
1, 1 
1, 1 
1, 1 
1, 1 
1, 1 
1, 1 
1, 1 
1, 1 
1, 1 
1, 1 
1, 1 
1, 1 
1, 1 
1, 1 
1, 1 
1, 1 
1, 1 
1, 1 
1, 1 
1, 1 
1, 1 
1, 1 
1, 1 
1, 1 
1, 1 
1, 1 
1, 1 
1, 1 
1, 1 
1, 1 
1, 1 
1, 1 
1, 1 
1, 1 
1, 1 
1, 1 
1, 1 
1, 1 
1, 1 
1, 1 
1, 1 
1, 1 
1, 1 
1, 1 
1, 1 
1, 1 
1, 1 
1, 1 
1, 1 
1, 1 
1, 1 
1, 1 
1, 1 
1, 1 
1, 1 
1, 1 
1, 1 
1, 1 
1, 1 
1, 1 
1, 1 
1, 1 
1, 1 
1, 1 
1, 1 
1, 1 
1, 1 
1, 1 
1, 1 
1, 1 
1, 1 
1, 1 
1, 1 
1, 1 
1, 1 
11, 31 
1, 2 
1, 2 
1, 2 
1, 2 
1, 2 
1, 2 
1, 2 
1, 2 
1, 2 
1, 2 
1, 2 
1, 2 
1, 2 
1, 2 
1, 2 
1, 2 
1, 2 
1, 2 
1, 2 
1, 2 
1, 2 
8, 21 
2, 6 
14, 39 
1, 2 
3, 8 
1, 1 
1, 1 
1, 1 
1, 1 
1, 1 
1, 1 
1, 1 
1, 1 
1, 1 
1, 1 
1, 3 
1, 2 
1, 2 
1, 2 
1, 2 
3, 7 
3, 11 
1, 1 
1, 2 
1, 2 
1, 4 
1, 2 
1, 2 
1, 2 
2, 4 
5, 16 
1, 4 
1, 2 
1, 2 
2, 7 
14, 36 
1, 2 
1, 2 
1, 2 
1, 3 
2, 5 
2, 5 
1, 2 
1, 38 
1, 4 
1, 2 
1, 5 
1, 4 
1, 2 
1, 2 
1, 2 
1, 2 
1, 2 
3, 7 
5, 14 
2, 5 
2, 6 
2, 8 
2, 6 
10, 21 
8, 17 
4, 9 
4, 10 
4, 8 
15, 38 
1, 2 
1, 2 
1, 2 
2, 11 
1, 2 
1, 2 
5, 20 
1, 2 
3, 6 
7, 16 
7, 16 
1, 2 
35, 84 
3, 11 
1, 2 
1, 2 
10, 38 
1, 21 
1, 2 
1, 2 
1, 2 
1, 2 
1, 2 
1, 2 
1, 2 
1, 2 
1, 2 
1, 2 
1, 2 
1, 2 
1, 2 
1, 2 
1, 2 
1, 2 
1, 2 
1, 2 
1, 2 
1, 2 
1, 2 
1, 2 
1, 2 
1, 2 
1, 2 
1, 2 
1, 2 
1, 2 
1, 2 
1, 2 
1, 2 
1, 2 
1, 5 
1, 2 
1, 2 
1, 2 
1, 2 
1, 2 
1, 2 
1, 2 
20, 90 
1, 2 
1, 2 
6, 10 
7, 18 
4, 14 
5, 11 
1, 2 
2, 4 
5, 19 
15, 40 
1, 1 
4, 16 
1, 2 
1, 2 
2, 8 
2, 249 
1, 157 
1, 1 
1, 1 
2, 7 
1, 2 
2, 5 
2, 4 
1, 2 
4, 9 
1, 1 
4, 11 
1, 1 
1, 1 
1, 3 
1, 3 
1, 1 
2, 10 
1, 1 
1, 2 
1, 4 
1, 2 
28, 100 
1, 2 
1, 2 
10, 28 
1, 2 
1, 2 
3, 44 
2, 6 
1, 2 
2, 6 
2, 8 
1, 2 
1, 3 
4, 7 
3, 3 
1, 2 
1, 2 
3, 6 
2, 5 
2, 5 
2, 6 
2, 5 
2, 6 
2, 6 
2, 6 
4, 11 
1, 2 
1, 2 
1, 2 
1, 4 
1, 4 
1, 2 
2, 5 
1, 2 
1, 2 
3, 4 
1, 2 
1, 4 
1, 2 
3, 11 
8, 16 
2, 4 
1, 2 
22, 72 
5, 16 
1, 2 
1, 13 
1, 2 
1, 2 
1, 6 
1, 2 
1, 2 
3, 7 
2, 4 
2, 7 
2, 5 
2, 5 
2, 5 
1, 2 
1, 2 
2, 2 
9, 32 
3, 5 
2, 3 
1, 2 
1, 2 
1, 2 
1, 4 
1, 3 
9, 34 
1, 2 
5, 13 
13, 39 
2, 6 
1, 2 
1, 2 
1, 2 
1, 2 
1, 1 
2, 5 
7, 20 
2, 5 
2, 5 
1, 2 
1, 2 
1, 2 
1, 2 
1, 2 
1, 5 
2, 4 
1, 2 
1, 4 
1, 7 
1, 2 
1, 2 
1, 2 
1, 2 
2, 2 
1, 2 
1, 2 
1, 5 
1, 2 
1, 2 
1, 2 
1, 2 
1, 2 
1, 2 
1, 2 
1, 2 
1, 2 
1, 2 
1, 5 
2, 5 
1, 2 
2, 7 
2, 8 
1, 2 
2, 5 
1, 6 
1, 4 
1, 3 
1, 2 
1, 2 
1, 2 
1, 2 
2, 3 
1, 2 
1, 2 
1, 2 
1, 2 
1, 3 
1, 2 
1, 2 
1, 3 
1, 7 
1, 2 
4, 9 
6, 14 
1, 2 
1, 1 
2, 5 
1, 1 
1, 3 
1, 3 
40, 83 
1, 1 
1, 4 
1, 2 
1, 2 
1, 2 
1, 5 
2, 15 
1, 2 
17, 58 
15, 31 
14, 28 
7, 17 
4, 2 
3, 2 
1, 2 
1, 2 
1, 2 
6, 11 
1, 2 
3, 8 
3, 9 
3, 7 
5, 9 
6, 16 
3, 5 
1, 2 
1, 4 
1, 4 
3, 8 
3, 4 
3, 4 
3, 4 
3, 4 
3, 4 
27, 38 
3, 12 
1, 2 
1, 2 
1, 2 
1, 2 
1, 2 
1, 2 
1, 2 
4, 11 
2, 14 
2, 8 
2, 8 
2, 8 
2, 8 
7, 31 
2, 11 
7, 18 
3, 7 
9, 31 
16, 11 
1, 1 
1, 2 
10, 49 
5, 18 
2, 17 
1, 2 
1, 2 
1, 2 
1, 2 
1, 2 
1, 2 
1, 2 
1, 2 
6, 21 
3, 11 
1, 3 
2, 4 
3, 13 
1, 7 
1, 1 
13, 40 
1, 2 
3, 8 
4, 15 
1, 2 
3, 5 
1, 5 
1, 2 
6, 59 
1, 2 
1, 4 
1, 2 
2, 5 
3, 5 
1, 2 
1, 2 
2, 4 
1, 2 
1, 2 
1, 5 
2, 4 
1, 2 
1, 5 
1, 3 
1, 3 
1, 3 
2, 4 
1, 3 
1, 3 
1, 3 
1, 3 
1, 3 
1, 3 
1, 3 
1, 3 
1, 3 
1, 3 
1, 3 
1, 3 
1, 3 
1, 3 
1, 3 
1, 3 
1, 3 
1, 3 
1, 3 
1, 3 
1, 3 
1, 3 
1, 3 
1, 3 
1, 3 
1, 3 
1, 3 
1, 3 
1, 4 
1, 2 
1, 2 
1, 2 
1, 4 
1, 2 
1, 3 
3, 5 
1, 2 
1, 2 
2, 5 
1, 5 
2, 5 
2, 4 
1, 5 
1, 3 
1, 3 
1, 3 
2, 4 
1, 3 
1, 3 
1, 3 
1, 3 
1, 3 
1, 3 
1, 3 
1, 3 
1, 3 
1, 3 
1, 3 
1, 3 
1, 3 
1, 3 
1, 3 
1, 3 
1, 3 
1, 3 
1, 3 
1, 3 
1, 3 
1, 3 
1, 3 
1, 3 
1, 3 
1, 3 
1, 3 
1, 3 
1, 3 
1, 3 
1, 3 
1, 3 
1, 3 
1, 3 
3, 12 
2, 3 
3, 4 
4, 9 
2, 2 
5, 6 
6, 9 
6, 17 
1, 2 
12, 43 
7, 24 
1, 2 
6, 25 
5, 22 
29, 85 
1, 2 
1, 2 
4, 10 
2, 3 
2, 3 
1, 2 
1, 5 
3, 8 
1, 3 
10, 34 
4, 12 
4, 12 
4, 12 
1, 2 
1, 2 
1, 3 
1, 2 
2, 4 
1, 2 
1, 3 
1, 2 
1, 2 
1, 2 
1, 4 
1, 4 
1, 4 
1, 4 
1, 4 
1, 4 
1, 5 
1, 2 
2, 3 
3, 8 
1, 3 
1, 2 
1, 2 
1, 3 
1, 2 
1, 2 
1, 2 
1, 2 
1, 2 
1, 4 
1, 4 
1, 4 
1, 4 
1, 4 
1, 4 
1, 2 
1, 4 
1, 5 
1, 2 
2, 5 
1, 2 
1, 2 
1, 2 
6, 15 
1, 2 
5, 13 
1, 4 
1, 5 
1, 5 
1, 2 
1, 2 
1, 2 
1, 2 
1, 2 
2, 5 
1, 2 
1, 2 
1, 2 
1, 2 
1, 2 
1, 2 
1, 2 
1, 2 
1, 2 
1, 2 
1, 3 
1, 2 
1, 2 
3, 8 
3, 8 
1, 2 
1, 4 
2, 9 
1, 2 
1, 3 
3, 7 
1, 2 
1, 1 
4, 9 
2, 4 
1, 5 
1, 2 
15, 32 
8, 20 
3, 9 
10, 25 
1, 1 
1, 1 
1, 1 
1, 1 
1, 4 
4, 23 
1, 2 
3, 11 
1, 2 
1, 2 
3, 11 
2, 4 
1, 3 
3, 11 
7, 19 
3, 11 
7, 13 
1, 2 
2, 8 
1, 3 
3, 11 
1, 2 
1, 2 
1, 2 
3, 5 
3, 10 
1, 3 
4, 15 
1, 3 
1, 3 
4, 15 
1, 2 
2, 7 
1, 2 
1, 3 
5, 17 
1, 5 
6, 25 
2, 4 
1, 2 
2, 6 
1, 2 
1, 2 
3, 8 
7, 21 
1, 2 
1, 3 
1, 2 
3, 10 
4, 18 
2, 10 
1, 2 
1, 2 
1, 3 
1, 2 
1, 2 
1, 2 
1, 2 
1, 2 
2, 10 
1, 2 
1, 2 
2, 4 
2, 5 
2, 5 
5, 25 
1, 2 
2, 5 
2, 2 
1, 2 
1, 2 
3, 7 
3, 8 
1, 2 
1, 2 
2, 2 
1, 2 
2, 4 
3, 7 
16, 33 
5, 8 
5, 8 
5, 9 
2, 15 
1, 2 
2, 6 
1, 2 
1, 2 
1, 2 
2, 16 
3, 8 
4, 7 
7, 21 
1, 2 
2, 11 
1, 2 
3, 10 
4, 18 
1, 2 
1, 2 
2, 10 
1, 2 
1, 2 
1, 2 
1, 3 
1, 2 
2, 17 
1, 2 
2, 10 
1, 2 
1, 2 
1, 2 
1, 2 
1, 3 
2, 4 
2, 5 
5, 25 
1, 2 
3, 7 
1, 2 
1, 2 
2, 4 
2, 5 
1, 2 
1, 2 
21, 66 
2, 4 
4, 21 
4, 15 
4, 10 
2, 5 
1, 1 
1, 1 
1, 1 
1, 2 
1, 2 
1, 1 
1, 2 
1, 1 
1, 1 
1, 2 
1, 1 
1, 1 
1, 1 
1, 1 
1, 2 
1, 1 
1, 2 
1, 2 
1, 2 
1, 2 
1, 2 
1, 2 
1, 5 
1, 1 
1, 1 
3, 12 
3, 10 
3, 10 
3, 10 
6, 15 
1, 2 
21, 66 
4, 21 
4, 15 
1, 2 
4, 10 
2, 5 
1, 5 
4, 31 
1, 3 
1, 2 
1, 2 
1, 2 
1, 2 
1, 2 
1, 2 
1, 3 
1, 2 
1, 2 
1, 2 
1, 2 
1, 2 
1, 2 
1, 2 
1, 5 
1, 2 
1, 3 
2, 4 
1, 2 
1, 2 
2, 4 
3, 13 
1, 4 
1, 3 
9, 18 
1, 2 
4, 10 
1, 2 
2, 8 
1, 2 
1, 2 
1, 1 
1, 2 
1, 2 
1, 2 
1, 2 
2, 4 
1, 2 
1, 2 
1, 2 
2, 2 
3, 6 
1, 2 
1, 2 
1, 2 
3, 6 
3, 6 
4, 8 
2, 4 
1, 2 
1, 2 
1, 2 
2, 2 
1, 2 
1, 2 
1, 3 
1, 2 
1, 2 
2, 2 
1, 2 
2, 4 
1, 2 
1, 2 
1, 2 
1, 2 
3, 6 
3, 6 
1, 2 
1, 2 
1, 2 
3, 6 
4, 8 
1, 2 
2, 4 
1, 2 
1, 2 
1, 2 
1, 2 
7, 16 
5, 12 
2, 2 
7, 5 
1, 2 
1, 2 
1, 2 
1, 2 
1, 2 
1, 2 
6, 10 
6, 10 
7, 14 
7, 14 
1, 2 
1, 4 
1, 1 
1, 2 
2, 5 
11, 33 
1, 2 
1, 1 
1, 2 
1, 2 
1, 2 
1, 2 
1, 2 
4, 20 
1, 4 
1, 2 
1, 2 
3, 15 
5, 8 
1, 3 
2, 2 
2, 2 
2, 2 
1, 2 
1, 2 
1, 2 
1, 2 
2, 3 
1, 2 
1, 2 
1, 2 
1, 4 
1, 4 
1, 2 
4, 11 
12, 13 
1, 3 
1, 2 
2, 6 
4, 6 
1, 2 
2, 6 
1, 2 
1, 2 
1, 2 
1, 2 
3, 6 
3, 6 
3, 8 
4, 8 
1, 5 
1, 3 
2, 3 
7, 30 
1, 2 
4, 13 
1, 2 
3, 5 
2, 6 
19, 38 
7, 23 
12, 31 
6, 13 
22, 65 
4, 7 
5, 6 
1, 1 
3, 8 
2, 5 
1, 2 
4, 9 
1, 2 
18, 42 
4, 17 
1, 2 
1, 2 
4, 15 
6, 9 
1, 2 
1, 2 
4, 9 
7, 9 
5, 8 
2, 2 
2, 2 
1, 2 
1, 2 
2, 2 
1, 2 
2, 3 
1, 2 
1, 2 
1, 2 
1, 4 
1, 10 
1, 1 
1, 11 
2, 6 
4, 6 
1, 2 
1, 2 
1, 2 
1, 2 
1, 2 
3, 6 
3, 6 
1, 2 
1, 2 
1, 2 
1, 2 
1, 2 
1, 2 
1, 2 
1, 2 
1, 2 
1, 2 
1, 2 
1, 2 
1, 2 
1, 2 
5, 7 
2, 4 
1, 2 
1, 2 
3, 11 
3, 9 
2, 7 
3, 6 
5, 16 
3, 7 
1, 2 
16, 29 
1, 2 
11, 34 
5, 13 
1, 2 
1, 2 
6, 21 
1, 4 
1, 2 
1, 4 
10, 25 
1, 2 
1, 2 
1, 2 
4, 10 
11, 46 
8, 22 
1, 2 
1, 2 
1, 2 
1, 2 
1, 2 
13, 51 
1, 2 
1, 2 
1, 2 
6, 18 
6, 16 
2, 5 
1, 2 
1, 2 
4, 12 
2, 4 
2, 9 
7, 30 
8, 26 
5, 13 
1, 2 
1, 2 
2, 8 
1, 2 
2, 9 
3, 9 
1, 2 
2, 6 
1, 5 
1, 2 
1, 2 
1, 2 
1, 3 
1, 2 
1, 2 
8, 31 
1, 2 
1, 2 
3, 7 
1, 3 
1, 3 
1, 2 
1, 2 
1, 1 
1, 2 
17, 31 
1, 2 
1, 2 
5, 4 
1, 7 
1, 2 
1, 2 
1, 2 
5, 9 
1, 2 
3, 7 
3, 5 
1, 2 
1, 2 
1, 2 
5, 9 
1, 2 
3, 7 
1, 3 
2, 3 
1, 2 
2, 13 
1, 3 
4, 9 
3, 5 
1, 2 
1, 2 
3, 17 
3, 9 
3, 9 
1, 3 
1, 2 
3, 8 
6, 4 
17, 52 
8, 18 
4, 15 
1, 3 
1, 2 
3, 7 
13, 47 
4, 7 
4, 7 
4, 8 
4, 7 
4, 7 
4, 7 
4, 7 
4, 7 
4, 7 
4, 7 
4, 7 
4, 7 
4, 14 
4, 18 
2, 6 
3, 8 
5, 16 
1, 2 
9, 15 
4, 12 
7, 11 
3, 4 
14, 23 
1, 2 
1, 1 
1, 1 
1, 2 
1, 5 
1, 3 
26, 71 
1, 4 
1, 2 
1, 2 
1, 2 
1, 3 
2, 7 
1, 2 
1, 2 
6, 19 
1, 2 
1, 2 
3, 6 
1, 2 
3, 4 
1, 2 
1, 2 
1, 2 
2, 4 
1, 2 
1, 2 
1, 2 
1, 2 
2, 4 
1, 2 
1, 2 
1, 2 
3, 8 
1, 2 
1, 2 
3, 5 
3, 6 
19, 28 
4, 9 
6, 14 
1, 2 
2, 7 
1, 2 
1, 3 
3, 5 
1, 8 
6, 12 
5, 8 
2, 4 
4, 14 
5, 19 
6, 12 
5, 8 
1, 2 
1, 2 
7, 21 
13, 34 
1, 2 
14, 60 
3, 8 
4, 9 
6, 24 
1, 2 
6, 15 
1, 3 
1, 3 
1, 2 
1, 4 
1, 2 
1, 2 
1, 1 
2, 4 
2, 4 
1, 3 
1, 2 
1, 5 
1, 3 
6, 29 
1, 9 
1, 12 
2, 12 
1, 2 
1, 2 
1, 2 
1, 2 
1, 2 
1, 2 
6, 7 
1, 1 
1, 2 
2, 6 
1, 2 
1, 2 
1, 2 
2, 4 
2, 4 
2, 4 
1, 3 
3, 5 
1, 2 
1, 2 
1, 2 
1, 9 
11, 54 
25, 126 
2, 4 
45, 96 
24, 40 
1, 2 
1, 2 
1, 1 
1, 2 
6, 16 
3, 6 
39, 293 
8, 34 
6, 17 
4, 12 
2, 5 
4, 6 
2, 5 
1, 12 
1, 2 
1, 2 
2, 6 
1, 4 
1, 4 
1, 4 
4, 8 
1, 2 
1, 2 
1, 2 
1, 1 
4, 13 
2, 6 
1, 2 
1, 2 
1, 2 
1, 2 
1, 2 
1, 3 
1, 3 
1, 3 
1, 3 
1, 3 
3, 4 
1, 2 
1, 2 
1, 2 
4, 17 
4, 17 
1, 4 
1, 2 
1, 3 
4, 15 
3, 8 
1, 2 
8, 17 
6, 18 
2, 4 
1, 3 
1, 3 
1, 2 
1, 3 
28, 91 
1, 2 
3, 9 
4, 13 
3, 7 
1, 2 
1, 2 
1, 9 
1, 2 
1, 3 
1, 3 
4, 15 
7, 15 
7, 18 
1, 2 
1, 2 
2, 4 
2, 7 
3, 7 
1, 2 
1, 2 
1, 3 
1, 2 
1, 2 
1, 2 
1, 2 
1, 1 
1, 2 
2, 2 
2, 2 
1, 2 
2, 2 
2, 2 
2, 2 
2, 3 
2, 2 
2, 2 
1, 1 
1, 2 
1, 2 
1, 3 
2, 6 
2, 5 
2, 7 
1, 2 
6, 23 
1, 3 
1, 2 
1, 2 
1, 2 
1, 2 
1, 2 
1, 2 
6, 8 
5, 8 
1, 2 
5, 7 
1, 2 
1, 2 
2, 5 
2, 5 
12, 26 
1, 2 
1, 2 
1, 2 
1, 2 
1, 2 
1, 2 
1, 2 
1, 1 
7, 15 
1, 2 
7, 16 
1, 2 
1, 2 
1, 2 
1, 2 
1, 2 
1, 2 
1, 2 
1, 2 
1, 2 
1, 2 
1, 2 
1, 3 
1, 2 
1, 2 
1, 2 
1, 2 
1, 2 
1, 2 
1, 2 
1, 2 
1, 2 
1, 2 
1, 2 
1, 2 
1, 2 
1, 2 
4, 13 
1, 3 
25, 79 
23, 57 
18, 53 
7, 33 
35, 126 
13, 61 
7, 30 
3, 13 
2, 3 
1, 2 
1, 2 
1, 2 
4, 4 
3, 4 
1, 2 
1, 2 
1, 2 
1, 2 
1, 2 
1, 2 
1, 2 
1, 2 
1, 2 
1, 2 
1, 2 
1, 2 
1, 2 
1, 2 
1, 2 
1, 2 
1, 2 
1, 2 
1, 2 
1, 2 
1, 2 
1, 2 
1, 2 
1, 2 
1, 2 
1, 2 
3, 8 
2, 5 
2, 5 
3, 8 
2, 5 
2, 5 
2, 5 
2, 5 
2, 5 
2, 5 
3, 8 
3, 8 
2, 5 
3, 8 
2, 5 
2, 5 
2, 5 
2, 5 
3, 8 
3, 8 
2, 5 
2, 5 
2, 5 
2, 5 
2, 5 
2, 5 
2, 5 
2, 5 
2, 5 
2, 5 
2, 5 
2, 5 
1, 2 
1, 2 
1, 2 
1, 2 
1, 2 
1, 2 
1, 2 
1, 2 
1, 1 
1, 2 
1, 2 
3, 29 
1, 2 
1, 5 
2, 14 
3, 4 
2, 4 
40, 159 
9, 39 
3, 8 
74, 271 
13, 36 
3, 9 
28, 78 
12, 47 
11, 40 
13, 42 
35, 196 
1, 1 
2, 17 
1, 2 
3, 29 
1, 2 
1, 5 
2, 5 
1, 2 
1, 3 
1, 2 
1, 2 
1, 2 
1, 2 
1, 2 
1, 2 
12, 26 
3, 11 
1, 2 
1, 3 
1, 8 
1, 1 
1, 1 
1, 1 
1, 1 
1, 1 
1, 1 
1, 1 
1, 1 
1, 1 
1, 1 
1, 1 
1, 1 
1, 1 
1, 1 
1, 1 
1, 1 
1, 1 
1, 1 
1, 1 
1, 1 
1, 1 
1, 1 
1, 1 
1, 1 
1, 1 
1, 2 
1, 2 
1, 3 
3, 11 
2, 7 
1, 2 
1, 2 
1, 4 
1, 2 
1, 2 
2, 12 
1, 2 
6, 15 
1, 2 
6, 17 
5, 11 
2, 4 
3, 7 
2, 5 
2, 6 
2, 4 
3, 7 
1, 2 
2, 3 
1, 2 
1, 2 
2, 3 
1, 2 
1, 2 
1, 2 
1, 2 
1, 2 
1, 2 
1, 2 
1, 2 
1, 2 
3, 6 
1, 2 
1, 2 
1, 2 
1, 8 
2, 6 
1, 5 
1, 2 
1, 2 
1, 2 
1, 1 
1, 1 
1, 1 
1, 1 
1, 1 
1, 1 
1, 3 
1, 2 
1, 2 
2, 5 
1, 2 
4, 11 
5, 15 
1, 2 
1, 2 
1, 2 
1, 2 
1, 2 
1, 2 
1, 3 
1, 6 
1, 3 
1, 4 
1, 4 
1, 3 
1, 3 
2, 8 
1, 2 
1, 3 
1, 2 
2, 6 
1, 2 
2, 8 
2, 11 
2, 11 
1, 2 
3, 17 
1, 2 
1, 2 
2, 4 
1, 2 
3, 5 
1, 7 
4, 18 
1, 3 
2, 18 
1, 2 
1, 2 
1, 3 
4, 9 
2, 6 
2, 4 
2, 5 
2, 7 
1, 2 
1, 3 
1, 2 
1, 5 
3, 17 
1, 2 
4, 9 
1, 4 
1, 2 
1, 2 
1, 2 
1, 2 
1, 2 
1, 4 
1, 11 
1, 5 
1, 21 
1, 2 
2, 4 
1, 3 
2, 3 
2, 3 
1, 7 
3, 6 
4, 10 
1, 2 
1, 2 
1, 2 
1, 2 
1, 4 
1, 2 
1, 2 
1, 2 
2, 4 
1, 2 
1, 2 
1, 2 
1, 2 
1, 2 
6, 17 
6, 27 
9, 17 
10, 24 
62, 133 
2, 6 
39, 78 
7, 16 
18, 51 
1, 2 
2, 4 
3, 8 
1, 3 
1, 5 
1, 2 
1, 2 
3, 11 
1, 2 
1, 2 
1, 2 
4, 10 
1, 2 
1, 2 
1, 2 
1, 2 
1, 3 
1, 2 
1, 2 
7, 18 
1, 2 
1, 3 
1, 2 
1, 2 
1, 4 
12, 26 
3, 7 
1, 4 
4, 10 
2, 4 
2, 5 
7, 19 
1, 2 
1, 2 
1, 1 
1, 2 
3, 15 
3, 12 
1, 6 
1, 4 
1, 4 
5, 14 
1, 2 
4, 13 
1, 2 
1, 2 
1, 2 
10, 13 
2, 5 
3, 7 
1, 2 
1, 2 
10, 27 
4, 6 
3, 10 
10, 19 
1, 2 
1, 2 
1, 2 
1, 2 
1, 2 
1, 2 
1, 2 
1, 2 
1, 2 
1, 2 
1, 2 
1, 2 
1, 2 
1, 2 
1, 2 
1, 2 
1, 5 
13, 41 
20, 44 
1, 2 
1, 6 
1, 2 
1, 2 
1, 2 
2, 4 
6, 13 
15, 48 
1, 2 
1, 2 
2, 6 
1, 1 
1, 2 
1, 8 
1, 1 
1, 1 
1, 2 
1, 2 
1, 2 
1, 8 
1, 2 
1, 2 
1, 2 
1, 3 
1, 2 
1, 22 
1, 2 
1, 2 
3, 6 
1, 2 
1, 2 
1, 2 
1, 2 
1, 3 
1, 22 
4, 10 
1, 2 
1, 2 
1, 2 
1, 2 
1, 2 
1, 2 
1, 2 
10, 28 
2, 5 
2, 80 
1, 10 
8, 40 
3, 6 
1, 2 
1, 3 
5, 20 
1, 2 
2, 5 
1, 2 
1, 2 
2, 5 
2, 5 
2, 5 
1, 3 
1, 2 
1, 3 
1, 2 
1, 2 
1, 2 
1, 2 
1, 2 
1, 6 
1, 5 
1, 1 
1, 1 
1, 1 
1, 2 
1, 2 
1, 2 
1, 2 
1, 1 
1, 2 
1, 2 
3, 6 
6, 20 
5, 27 
5, 13 
4, 8 
13, 31 
1, 2 
1, 2 
1, 1 
1, 2 
3, 8 
1, 2 
2, 3 
1, 2 
1, 2 
1, 2 
4, 15 
1, 7 
3, 6 
1, 5 
4, 8 
1, 2 
3, 9 
9, 30 
3, 5 
1, 2 
1, 2 
1, 2 
2, 5 
1, 2 
3, 4 
3, 9 
2, 9 
1, 10 
2, 6 
2, 11 
1, 2 
1, 2 
6, 14 
3, 5 
3, 5 
1, 2 
1, 2 
1, 2 
1, 2 
1, 2 
2, 4 
2, 6 
1, 2 
1, 2 
1, 2 
1, 2 
1, 2 
1, 5 
4, 5 
3, 5 
1, 2 
3, 5 
2, 5 
1, 2 
1, 2 
1, 2 
1, 2 
2, 4 
2, 6 
1, 2 
1, 2 
1, 2 
1, 2 
1, 2 
2, 3 
19, 70 
5, 13 
1, 2 
1, 2 
1, 2 
1, 2 
1, 2 
1, 2 
1, 2 
3, 4 
1, 2 
1, 2 
1, 2 
1, 2 
1, 20 
1, 2 
1, 2 
1, 2 
1, 2 
1, 2 
1, 2 
1, 2 
1, 2 
1, 2 
1, 2 
1, 2 
1, 2 
1, 2 
1, 2 
1, 2 
15, 61 
2, 6 
1, 3 
2, 5 
1, 2 
1, 2 
2, 8 
3, 4 
1, 2 
3, 4 
3, 4 
3, 4 
1, 4 
1, 1 
10, 21 
1, 2 
1, 2 
1, 2 
1, 2 
3, 9 
1, 5 
5, 18 
4, 7 
6, 10 
2, 6 
1, 3 
4, 7 
1, 3 
1, 7 
1, 6 
1, 4 
1, 2 
1, 4 
2, 5 
1, 2 
1, 2 
1, 2 
1, 2 
1, 3 
3, 4 
2, 4 
3, 4 
5, 14 
3, 6 
1, 2 
4, 9 
3, 6 
1, 2 
1, 2 
1, 2 
1, 3 
3, 4 
1, 6 
1, 2 
3, 4 
3, 4 
1, 1 
1, 2 
1, 2 
1, 6 
2, 5 
2, 5 
1, 2 
1, 2 
1, 2 
1, 4 
1, 2 
1, 2 
1, 1 
1, 1 
1, 1 
1, 3 
10, 16 
2, 5 
8, 11 
2, 8 
1, 1 
1, 2 
2, 4 
1, 2 
1, 2 
4, 10 
6, 14 
5, 13 
1, 2 
1, 2 
2, 4 
3, 7 
3, 9 
5, 20 
1, 2 
1, 2 
1, 2 
1, 2 
1, 2 
1, 2 
1, 2 
1, 2 
1, 2 
1, 2 
1, 2 
1, 2 
7, 8 
2, 5 
1, 2 
1, 2 
1, 2 
1, 2 
1, 2 
1, 2 
1, 3 
1, 3 
1, 2 
1, 2 
13, 26 
2, 5 
6, 15 
1, 1 
1, 2 
1, 2 
1, 2 
2, 5 
2, 5 
2, 5 
1, 2 
1, 3 
2, 5 
2, 5 
2, 5 
2, 5 
2, 5 
2, 4 
3, 6 
2, 5 
5, 18 
2, 5 
2, 5 
2, 4 
2, 5 
2, 4 
2, 5 
2, 5 
2, 5 
2, 6 
2, 6 
2, 6 
3, 7 
3, 7 
2, 4 
2, 4 
2, 5 
1, 2 
1, 2 
1, 2 
1, 1 
2, 4 
24, 69 
5, 10 
11, 23 
1, 2 
1, 2 
1, 2 
1, 2 
1, 2 
1, 2 
1, 7 
1, 2 
1, 2 
1, 2 
1, 2 
5, 12 
5, 19 
3, 8 
1, 2 
1, 2 
1, 2 
1, 2 
1, 2 
1, 2 
1, 2 
1, 2 
1, 2 
1, 2 
1, 2 
1, 2 
1, 1 
1, 6 
1, 1 
1, 1 
1, 1 
1, 1 
11, 12 
1, 2 
1, 2 
1, 2 
1, 2 
1, 2 
1, 2 
4, 17 
1, 3 
6, 18 
1, 2 
1, 2 
1, 2 
3, 8 
2, 18 
1, 2 
1, 2 
1, 2 
1, 2 
1, 2 
5, 13 
38, 87 
1, 2 
1, 2 
1, 2 
1, 2 
1, 2 
1, 2 
1, 2 
1, 2 
1, 2 
1, 2 
1, 2 
1, 2 
1, 2 
1, 2 
1, 2 
1, 2 
1, 2 
1, 2 
1, 2 
1, 2 
1, 2 
1, 2 
1, 2 
1, 2 
1, 2 
1, 2 
1, 2 
1, 2 
1, 2 
1, 2 
1, 2 
2, 4 
1, 2 
1, 2 
3, 6 
1, 2 
1, 2 
1, 2 
1, 3 
1, 2 
1, 2 
1, 2 
1, 2 
5, 22 
23, 60 
3, 5 
2, 11 
12, 27 
2, 4 
1, 2 
1, 3 
1, 2 
1, 1 
10, 27 
1, 5 
1, 2 
1, 2 
1, 2 
1, 2 
1, 2 
2, 4 
1, 8 
3, 12 
1, 2 
1, 2 
1, 2 
1, 2 
1, 2 
1, 2 
1, 2 
1, 2 
1, 2 
1, 2 
2, 5 
2, 8 
1, 4 
7, 23 
1, 2 
1, 2 
1, 7 
7, 23 
1, 2 
1, 2 
10, 19 
9, 27 
4, 7 
27, 53 
1, 1 
4, 14 
6, 17 
7, 38 
2, 5 
7, 20 
6, 17 
2, 6 
1, 2 
1, 1 
1, 1 
1, 1 
1, 1 
1, 1 
1, 1 
2, 1 
1, 1 
1, 1 
1, 1 
1, 1 
1, 1 
1, 1 
1, 1 
1, 1 
1, 3 
1, 3 
1, 1 
1, 1 
1, 1 
1, 1 
1, 1 
1, 1 
1, 1 
1, 1 
1, 1 
1, 1 
1, 1 
1, 1 
1, 1 
1, 1 
1, 1 
1, 1 
1, 1 
50, 111 
7, 38 
17, 40 
1, 2 
4, 14 
1, 2 
15, 36 
10, 19 
6, 16 
4, 7 
27, 53 
12, 24 
4, 8 
1, 1 
6, 17 
33, 83 
1, 1 
1, 2 
7, 20 
1, 3 
6, 17 
1, 3 
1, 2 
1, 1 
2, 5 
1, 1 
1, 2 
1, 2 
1, 2 
1, 5 
1, 2 
1, 2 
1, 3 
1, 2 
1, 2 
1, 3 
3, 7 
2, 20 
1, 2 
1, 2 
1, 2 
1, 2 
1, 2 
1, 2 
4, 9 
8, 24 
1, 3 
3, 5 
4, 15 
2, 5 
2, 7 
1, 2 
1, 2 
1, 2 
1, 2 
1, 2 
1, 2 
1, 2 
1, 2 
1, 2 
1, 2 
1, 2 
1, 2 
1, 2 
1, 2 
1, 2 
1, 2 
1, 2 
2, 5 
1, 2 
1, 2 
1, 2 
2, 5 
1, 2 
1, 2 
2, 5 
1, 2 
1, 2 
1, 2 
1, 2 
1, 2 
1, 2 
1, 2 
1, 2 
1, 2 
1, 2 
1, 2 
1, 2 
1, 2 
1, 2 
17, 36 
1, 2 
5, 13 
7, 17 
5, 15 
17, 44 
1, 3 
3, 9 
7, 16 
4, 10 
1, 2 
1, 2 
7, 26 
8, 30 
3, 11 
16, 26 
2, 6 
8, 24 
6, 31 
1, 2 
1, 2 
1, 2 
4, 9 
2, 4 
2, 4 
2, 9 
1, 7 
3, 8 
1, 4 
6, 9 
1, 3 
7, 9 
1, 2 
1, 2 
1, 2 
1, 2 
1, 2 
2, 4 
1, 2 
1, 2 
1, 2 
2, 4 
19, 75 
6, 15 
1, 2 
1, 2 
1, 2 
1, 2 
3, 4 
1, 3 
1, 2 
1, 2 
1, 3 
1, 2 
1, 2 
1, 2 
1, 2 
1, 2 
1, 2 
1, 2 
1, 2 
1, 2 
1, 2 
1, 2 
1, 2 
1, 2 
2, 5 
1, 2 
3, 5 
2, 4 
1, 2 
1, 2 
5, 7 
1, 2 
1, 2 
1, 2 
1, 2 
1, 2 
1, 2 
1, 2 
1, 2 
1, 2 
1, 2 
1, 2 
1, 2 
1, 2 
5, 30 
1, 110 
1, 2 
9, 15 
3, 7 
1, 2 
1, 2 
7, 13 
2, 4 
10, 24 
2, 7 
1, 2 
1, 2 
1, 1 
12, 84 
15, 30 
1, 2 
1, 3 
1, 3 
1, 4 
1, 2 
1, 2 
3, 10 
1, 2 
1, 2 
1, 2 
1, 2 
1, 2 
1, 3 
1, 2 
4, 5 
1, 2 
5, 13 
1, 2 
1, 2 
1, 2 
3, 4 
1, 2 
1, 2 
9, 35 
4, 14 
5, 15 
1, 2 
2, 5 
1, 3 
1, 2 
2, 6 
3, 10 
1, 2 
1, 2 
1, 2 
1, 2 
4, 5 
1, 2 
5, 13 
1, 2 
3, 6 
1, 2 
3, 4 
1, 2 
1, 2 
1, 2 
1, 2 
9, 35 
5, 15 
2, 5 
10, 30 
19, 45 
2, 5 
2, 7 
11, 39 
6, 16 
3, 10 
12, 31 
1, 2 
1, 2 
1, 2 
1, 3 
1, 2 
1, 2 
1, 2 
1, 2 
1, 7 
1, 8 
1, 6 
1, 7 
1, 8 
1, 2 
1, 2 
1, 2 
1, 2 
1, 2 
4, 11 
1, 2 
1, 2 
1, 2 
1, 2 
1, 5 
2, 6 
1, 4 
1, 2 
1, 2 
1, 8 
1, 5 
1, 2 
1, 2 
1, 2 
1, 3 
4, 6 
1, 2 
3, 8 
3, 8 
1, 3 
1, 2 
3, 8 
3, 9 
1, 2 
4, 17 
3, 16 
2, 7 
14, 31 
1, 2 
1, 2 
1, 2 
3, 7 
1, 1 
1, 1 
1, 1 
1, 1 
1, 1 
2, 6 
1, 4 
2, 5 
2, 5 
2, 4 
2, 4 
2, 5 
3, 6 
1, 2 
1, 2 
1, 2 
1, 2 
3, 8 
3, 9 
2, 5 
1, 2 
1, 2 
2, 5 
2, 6 
1, 2 
1, 2 
1, 2 
1, 2 
1, 2 
1, 2 
2, 6 
1, 4 
2, 5 
2, 5 
2, 5 
2, 4 
2, 5 
1, 1 
1, 1 
9, 20 
1, 10 
1, 4 
2, 8 
1, 2 
2, 5 
1, 2 
1, 2 
1, 2 
1, 3 
1, 2 
1, 2 
1, 2 
2, 7 
1, 2 
1, 2 
1, 2 
1, 2 
1, 2 
1, 2 
1, 2 
7, 17 
1, 2 
1, 2 
1, 2 
1, 2 
1, 2 
1, 3 
1, 2 
4, 14 
5, 16 
15, 45 
1, 2 
19, 55 
12, 23 
15, 34 
18, 41 
1, 2 
36, 83 
4, 12 
9, 28 
1, 1 
1, 1 
1, 2 
1, 2 
1, 1 
3, 9 
1, 2 
1, 1 
3, 12 
21, 62 
5, 10 
2, 22 
16, 47 
14, 47 
7, 12 
18, 65 
2, 5 
5, 12 
5, 10 
8, 26 
3, 8 
2, 6 
1, 2 
2, 24 
3, 10 
1, 2 
3, 15 
3, 15 
3, 16 
3, 18 
3, 9 
3, 10 
3, 11 
12, 58 
1, 3 
1, 3 
2, 5 
2, 9 
1, 2 
1, 2 
1, 2 
1, 2 
1, 2 
1, 2 
1, 2 
1, 2 
1, 2 
1, 2 
1, 2 
1, 2 
1, 2 
1, 2 
1, 2 
1, 2 
1, 2 
1, 2 
1, 2 
1, 2 
1, 2 
1, 2 
1, 1 
1, 2 
1, 3 
1, 6 
10, 12 
3, 9 
6, 16 
2, 4 
3, 6 
1, 3 
2, 5 
2, 4 
1, 3 
1, 2 
1, 2 
1, 2 
1, 2 
3, 15 
1, 5 
24, 105 
1, 2 
1, 6 
1, 2 
1, 2 
1, 2 
1, 2 
4, 15 
1, 12 
1, 2 
1, 7 
2, 4 
5, 11 
7, 14 
2, 3 
2, 7 
62, 134 
2, 6 
2, 4 
3, 12 
4, 11 
7, 20 
1, 2 
3, 9 
2, 10 
6, 29 
1, 3 
1, 2 
1, 2 
3, 11 
9, 24 
12, 31 
2, 3 
1, 2 
1, 2 
1, 2 
1, 2 
1, 2 
5, 8 
4, 9 
5, 10 
7, 19 
4, 11 
8, 21 
7, 15 
1, 2 
2, 6 
2, 6 
1, 2 
1, 2 
1, 2 
5, 8 
1, 4 
1, 1 
1, 2 
2, 5 
1, 2 
2, 4 
4, 7 
2, 3 
1, 2 
1, 2 
1, 2 
1, 2 
1, 2 
1, 2 
1, 2 
1, 2 
2, 4 
2, 4 
1, 2 
1, 2 
1, 2 
1, 2 
1, 2 
1, 2 
2, 6 
1, 2 
1, 4 
5, 25 
3, 7 
2, 6 
6, 20 
1, 2 
1, 2 
1, 2 
1, 2 
1, 2 
1, 2 
1, 2 
1, 2 
1, 2 
1, 2 
1, 2 
1, 2 
2, 4 
1, 2 
12, 39 
18, 35 
2, 5 
5, 15 
4, 12 
5, 15 
5, 15 
2, 7 
1, 5 
1, 4 
2, 4 
8, 20 
11, 21 
12, 67 
1, 2 
1, 2 
2, 4 
1, 2 
2, 4 
1, 2 
1, 2 
1, 2 
1, 2 
1, 2 
1, 9 
16, 72 
16, 71 
9, 19 
9, 23 
9, 19 
9, 23 
2, 4 
1, 2 
1, 2 
1, 2 
1, 2 
1, 2 
1, 2 
1, 2 
1, 2 
2, 11 
2, 4 
1, 2 
3, 12 
10, 42 
5, 15 
7, 45 
1, 1 
14, 38 
1, 6 
1, 1 
1, 3 
1, 1 
1, 1 
1, 1 
1, 1 
1, 1 
1, 1 
1, 1 
1, 1 
1, 1 
1, 1 
1, 1 
1, 1 
1, 1 
1, 1 
1, 1 
1, 1 
1, 1 
1, 1 
1, 1 
1, 1 
1, 1 
1, 1 
1, 1 
1, 1 
1, 1 
1, 1 
1, 1 
1, 1 
1, 1 
1, 1 
1, 1 
1, 1 
1, 1 
1, 1 
1, 1 
1, 1 
1, 2 
5, 15 
1, 2 
1, 2 
1, 7 
1, 2 
1, 2 
1, 2 
1, 2 
1, 2 
1, 6 
1, 2 
1, 6 
1, 2 
1, 6 
1, 2 
1, 6 
1, 2 
1, 6 
1, 2 
1, 6 
1, 6 
1, 2 
3, 6 
1, 2 
10, 35 
9, 31 
16, 58 
6, 18 
2, 9 
11, 54 
12, 36 
11, 42 
2, 3 
2, 4 
14, 66 
1, 1 
1, 2 
1, 1 
1, 2 
4, 13 
1, 2 
4, 13 
15, 44 
2, 9 
1, 2 
1, 2 
7, 11 
1, 2 
3, 7 
3, 7 
1, 2 
10, 25 
12, 39 
4, 14 
3, 7 
1, 2 
2, 3 
1, 2 
2, 10 
3, 7 
3, 6 
2, 4 
1, 2 
1, 2 
1, 2 
3, 8 
1, 2 
4, 9 
1, 2 
1, 2 
4, 10 
1, 2 
5, 12 
1, 2 
1, 2 
1, 2 
4, 13 
15, 44 
2, 9 
1, 2 
1, 2 
1, 2 
1, 2 
1, 2 
1, 2 
1, 2 
1, 2 
4, 9 
1, 2 
1, 2 
1, 2 
1, 2 
1, 2 
1, 2 
1, 2 
1, 2 
1, 2 
1, 2 
1, 2 
1, 2 
1, 2 
1, 2 
1, 2 
1, 2 
3, 4 
1, 2 
11, 29 
1, 4 
2, 4 
4, 15 
3, 10 
2, 5 
3, 7 
1, 2 
3, 7 
1, 2 
5, 13 
10, 25 
12, 39 
4, 14 
3, 7 
1, 2 
1, 2 
2, 10 
3, 7 
3, 6 
2, 4 
1, 2 
1, 2 
1, 2 
1, 2 
1, 2 
4, 9 
1, 2 
1, 2 
9, 28 
8, 16 
22, 44 
1, 3 
1, 2 
3, 3 
2, 3 
2, 3 
1, 2 
1, 2 
1, 2 
5, 11 
3, 6 
3, 7 
3, 7 
9, 20 
4, 9 
1, 3 
1, 2 
1, 2 
2, 5 
1, 3 
3, 7 
1, 2 
1, 2 
2, 4 
1, 2 
1, 2 
1, 2 
1, 2 
1, 2 
2, 4 
1, 3 
1, 3 
1, 3 
1, 3 
1, 3 
1, 2 
1, 3 
1, 2 
1, 2 
18, 65 
8, 19 
1, 2 
1, 2 
1, 2 
1, 2 
1, 2 
2, 13 
1, 1 
1, 1 
1, 1 
1, 2 
2, 5 
1, 2 
1, 5 
1, 2 
1, 2 
1, 2 
1, 2 
1, 2 
1, 2 
1, 2 
1, 2 
1, 2 
3, 5 
8, 23 
4, 8 
4, 11 
5, 13 
11, 29 
3, 6 
1, 2 
5, 10 
5, 10 
1, 2 
8, 12 
1, 2 
8, 12 
5, 10 
5, 10 
1, 2 
1, 2 
2, 7 
2, 7 
3, 8 
3, 7 
4, 9 
5, 14 
2, 5 
1, 2 
1, 3 
2, 4 
1, 3 
1, 2 
1, 2 
1, 2 
1, 2 
5, 3 
1, 2 
1, 2 
1, 4 
2, 5 
1, 11 
1, 4 
1, 2 
1, 2 
1, 4 
1, 2 
1, 2 
1, 2 
1, 2 
13, 27 
1, 2 
2, 12 
3, 12 
3, 10 
1, 3 
1, 2 
1, 2 
1, 2 
5, 11 
2, 4 
3, 7 
2, 5 
1, 4 
1, 4 
1, 2 
2, 4 
2, 7 
1, 2 
1, 2 
1, 2 
1, 2 
1, 2 
2, 4 
3, 6 
8, 14 
3, 6 
2, 7 
4, 8 
4, 6 
1, 4 
7, 11 
5, 14 
1, 11 
1, 5 
1, 12 
4, 36 
1, 2 
1, 2 
1, 2 
1, 2 
3, 7 
1, 2 
1, 2 
1, 2 
1, 12 
4, 36 
1, 2 
1, 2 
1, 2 
3, 7 
1, 2 
1, 2 
1, 9 
12, 50 
2, 5 
3, 6 
4, 5 
1, 2 
1, 2 
1, 1 
1, 3 
1, 2 
1, 2 
3, 7 
1, 2 
1, 2 
1, 2 
1, 2 
1, 2 
1, 2 
11, 40 
2, 11 
1, 2 
1, 2 
4, 12 
8, 24 
1, 2 
5, 10 
2, 8 
1, 12 
4, 36 
1, 2 
1, 2 
3, 7 
1, 2 
1, 2 
1, 9 
10, 50 
12, 50 
2, 5 
3, 6 
4, 5 
1, 2 
1, 1 
1, 2 
1, 3 
1, 4 
1, 2 
1, 2 
1, 2 
1, 2 
1, 2 
1, 2 
1, 2 
1, 2 
1, 3 
1, 3 
1, 3 
1, 3 
1, 2 
1, 2 
2, 5 
1, 2 
1, 2 
1, 2 
1, 2 
1, 2 
1, 2 
18, 43 
15, 39 
1, 2 
1, 2 
1, 2 
1, 2 
1, 2 
1, 2 
1, 2 
1, 2 
1, 2 
1, 2 
1, 2 
1, 2 
1, 2 
1, 2 
1, 2 
1, 2 
1, 2 
1, 2 
1, 5 
3, 8 
3, 4 
20, 40 
1, 2 
1, 2 
2, 7 
1, 2 
1, 2 
1, 2 
1, 6 
2, 5 
1, 2 
1, 5 
1, 2 
1, 2 
2, 7 
4, 9 
4, 9 
8, 23 
1, 2 
1, 2 
1, 2 
1, 6 
1, 2 
2, 7 
20, 53 
1, 5 
1, 6 
1, 5 
1, 6 
4, 17 
4, 10 
3, 11 
1, 2 
2, 7 
1, 6 
4, 11 
25, 78 
1, 2 
1, 5 
3, 6 
1, 2 
1, 2 
1, 2 
1, 2 
1, 2 
1, 2 
1, 2 
1, 2 
1, 2 
1, 2 
1, 2 
1, 2 
1, 2 
1, 2 
3, 10 
5, 16 
1, 6 
2, 28 
1, 2 
1, 2 
1, 2 
1, 2 
1, 2 
46, 166 
28, 101 
1, 2 
1, 2 
1, 2 
1, 2 
1, 2 
1, 2 
1, 2 
1, 2 
1, 2 
1, 2 
3, 6 
1, 3 
2, 5 
1, 3 
2, 4 
3, 7 
3, 7 
1, 2 
1, 5 
3, 7 
13, 36 
5, 17 
1, 4 
8, 19 
4, 15 
2, 5 
1, 2 
5, 10 
9, 24 
1, 2 
1, 2 
1, 7 
16, 63 
1, 2 
1, 2 
1, 1 
1, 2 
1, 3 
1, 2 
1, 2 
1, 1 
1, 2 
1, 2 
1, 2 
1, 2 
1, 2 
2, 4 
6, 9 
9, 15 
4, 6 
1, 4 
1, 4 
5, 9 
2, 5 
1, 3 
1, 2 
1, 2 
1, 1 
4, 9 
1, 2 
5, 26 
1, 1 
2, 6 
1, 2 
1, 4 
2, 6 
2, 6 
2, 6 
4, 14 
19, 42 
2, 18 
3, 5 
2, 9 
2, 3 
1, 3 
2, 6 
1, 2 
1, 2 
1, 1 
1, 6 
1, 3 
1, 4 
1, 4 
9, 10 
1, 2 
1, 2 
1, 2 
4, 8 
2, 4 
1, 2 
1, 2 
1, 2 
2, 2 
5, 7 
1, 2 
2, 5 
4, 5 
4, 7 
1, 2 
2, 7 
4, 9 
3, 10 
3, 8 
11, 30 
14, 31 
6, 15 
5, 9 
6, 12 
23, 51 
16, 25 
2, 2 
2, 5 
2, 11 
6, 12 
1, 2 
1, 2 
1, 4 
1, 5 
1, 7 
1, 1 
5, 11 
3, 10 
1, 2 
2, 14 
1, 2 
1, 2 
1, 2 
3, 6 
2, 8 
2, 4 
3, 11 
8, 24 
5, 9 
6, 4 
51, 111 
11, 14 
5, 9 
1, 1 
1, 1 
1, 1 
1, 1 
1, 1 
1, 1 
1, 1 
1, 2 
1, 2 
1, 2 
1, 2 
1, 2 
3, 5 
1, 2 
1, 2 
1, 2 
1, 2 
1, 2 
1, 2 
2, 13 
1, 2 
4, 6 
4, 6 
5, 13 
1, 3 
6, 12 
1, 2 
3, 7 
1, 2 
18, 40 
4, 7 
1, 2 
2, 5 
1, 2 
2, 4 
1, 1 
1, 1 
1, 1 
1, 1 
1, 1 
1, 2 
1, 2 
4, 3 
1, 2 
1, 2 
1, 2 
1, 2 
4, 10 
2, 3 
1, 2 
1, 2 
1, 2 
1, 2 
1, 2 
1, 4 
1, 4 
6, 5 
2, 7 
1, 2 
1, 10 
1, 2 
3, 16 
1, 2 
1, 2 
4, 10 
4, 9 
2, 4 
2, 4 
1, 4 
1, 2 
2, 4 
2, 4 
2, 4 
7, 20 
2, 4 
1, 2 
4, 10 
2, 3 
1, 2 
7, 21 
1, 4 
1, 2 
1, 3 
1, 2 
1, 1 
1, 2 
1, 2 
1, 2 
1, 2 
1, 2 
1, 2 
3, 10 
1, 1 
1, 4 
1, 2 
1, 2 
1, 2 
1, 2 
1, 17 
4, 46 
5, 60 
1, 2 
1, 2 
1, 2 
1, 2 
4, 9 
1, 2 
1, 2 
1, 2 
1, 2 
1, 2 
1, 14 
4, 10 
4, 6 
1, 2 
1, 3 
1, 3 
2, 6 
1, 3 
1, 3 
1, 3 
1, 5 
1, 3 
1, 2 
1, 2 
1, 2 
1, 4 
1, 2 
1, 2 
1, 2 
1, 5 
1, 2 
1, 5 
1, 2 
1, 5 
1, 5 
1, 2 
2, 8 
1, 2 
2, 4 
3, 11 
4, 12 
2, 6 
4, 10 
1, 3 
1, 3 
1, 4 
3, 9 
1, 2 
1, 2 
1, 2 
1, 2 
1, 2 
1, 2 
8, 18 
1, 2 
1, 4 
6, 13 
6, 13 
1, 2 
9, 22 
2, 7 
1, 2 
1, 2 
1, 2 
1, 2 
15, 40 
1, 2 
3, 7 
1, 3 
1, 2 
1, 2 
1, 2 
1, 2 
1, 2 
1, 2 
1, 2 
1, 2 
3, 12 
1, 2 
11, 16 
1, 2 
1, 2 
1, 2 
1, 2 
1, 2 
8, 24 
1, 2 
4, 9 
7, 19 
9, 29 
5, 14 
3, 6 
1, 5 
1, 2 
1, 2 
2, 3 
5, 18 
3, 7 
1, 2 
13, 48 
1, 3 
1, 3 
10, 21 
1, 3 
1, 4 
2, 3 
5, 11 
4, 15 
10, 37 
5, 22 
3, 7 
1, 2 
1, 2 
2, 5 
7, 16 
1, 4 
1, 3 
1, 2 
1, 1 
2, 5 
1, 3 
1, 1 
1, 1 
11, 23 
7, 11 
3, 5 
1, 2 
1, 2 
1, 2 
1, 2 
5, 26 
1, 4 
3, 7 
1, 4 
5, 11 
1, 6 
1, 2 
6, 14 
5, 27 
1, 5 
1, 2 
2, 3 
2, 3 
2, 3 
4, 13 
6, 17 
8, 15 
19, 46 
7, 28 
24, 41 
6, 10 
13, 33 
10, 36 
1, 3 
12, 16 
4, 7 
3, 5 
1, 2 
9, 14 
1, 2 
2, 8 
1, 3 
3, 13 
1, 2 
5, 42 
1, 2 
6, 20 
46, 104 
17, 46 
11, 23 
1, 4 
5, 11 
2, 5 
1, 6 
1, 5 
1, 2 
6, 14 
9, 23 
5, 27 
1, 5 
1, 2 
2, 3 
2, 3 
4, 13 
19, 46 
24, 41 
6, 10 
59, 137 
13, 33 
10, 36 
12, 16 
4, 7 
1, 2 
2, 8 
3, 13 
6, 21 
1, 2 
1, 2 
5, 26 
5, 42 
1, 2 
9, 27 
5, 22 
1, 2 
1, 16 
1, 1 
1, 1 
1, 2 
1, 2 
1, 1 
7, 24 
1, 3 
1, 2 
4, 10 
39, 139 
14, 44 
10, 38 
3, 3 
7, 14 
5, 22 
1, 2 
1, 2 
1, 2 
1, 2 
1, 2 
1, 2 
1, 2 
1, 2 
1, 2 
1, 2 
3, 4 
1, 2 
1, 5 
1, 5 
1, 2 
5, 12 
5, 11 
2, 6 
2, 5 
5, 10 
5, 9 
1, 2 
1, 1 
1, 2 
1, 1 
1, 1 
1, 1 
1, 1 
1, 1 
1, 1 
1, 1 
1, 1 
9, 33 
1, 2 
1, 3 
1, 3 
1, 3 
1, 3 
1, 3 
2, 4 
2, 5 
4, 11 
4, 8 
1, 3 
4, 8 
1, 3 
2, 4 
1, 2 
1, 2 
3, 12 
1, 2 
1, 2 
1, 2 
2, 4 
1, 2 
1, 2 
2, 8 
1, 2 
1, 2 
1, 2 
1, 2 
1, 2 
1, 2 
1, 3 
1, 3 
2, 3 
1, 2 
1, 2 
1, 2 
1, 2 
3, 6 
1, 2 
2, 4 
5, 15 
6, 14 
4, 11 
7, 19 
1, 2 
1, 3 
1, 3 
1, 3 
1, 2 
4, 9 
5, 18 
2, 6 
7, 26 
1, 3 
1, 2 
3, 5 
3, 5 
1, 2 
1, 2 
1, 2 
1, 2 
3, 6 
1, 2 
2, 4 
5, 15 
6, 14 
7, 19 
1, 2 
1, 2 
1, 2 
2, 10 
1, 2 
1, 4 
3, 8 
2, 7 
1, 1 
1, 2 
1, 2 
1, 1 
1, 2 
3, 5 
1, 1 
2, 3 
2, 3 
1, 2 
2, 3 
1, 2 
1, 2 
1, 2 
1, 2 
6, 25 
1, 2 
10, 32 
1, 2 
1, 2 
1, 2 
1, 4 
1, 3 
8, 23 
2, 3 
2, 11 
1, 2 
10, 22 
1, 2 
7, 16 
6, 19 
2, 4 
2, 5 
1, 2 
5, 12 
1, 3 
4, 14 
4, 12 
3, 6 
5, 11 
12, 20 
3, 6 
1, 2 
8, 20 
1, 3 
1, 1 
1, 1 
1, 2 
1, 2 
1, 2 
3, 8 
2, 4 
5, 21 
1, 1 
1, 2 
2, 5 
2, 2 
1, 7 
1, 2 
1, 2 
2, 8 
2, 8 
6, 12 
6, 12 
2, 4 
5, 10 
9, 18 
5, 10 
4, 19 
6, 32 
6, 32 
1, 2 
1, 1 
1, 2 
1, 6 
6, 13 
2, 4 
2, 4 
2, 4 
2, 4 
2, 4 
2, 4 
3, 5 
1, 2 
1, 3 
1, 3 
1, 3 
1, 3 
1, 3 
1, 3 
1, 3 
2, 4 
1, 2 
1, 2 
2, 3 
2, 5 
2, 5 
2, 2 
3, 10 
1, 3 
1, 5 
1, 9 
5, 16 
1, 2 
1, 2 
1, 2 
1, 2 
1, 2 
1, 2 
1, 2 
1, 2 
1, 2 
1, 2 
2, 4 
1, 2 
1, 2 
1, 2 
1, 2 
1, 2 
1, 2 
1, 2 
1, 2 
1, 2 
1, 2 
1, 2 
2, 5 
1, 2 
1, 5 
1, 2 
1, 2 
1, 6 
1, 6 
1, 2 
1, 2 
1, 2 
2, 7 
1, 2 
1, 2 
1, 2 
1, 5 
1, 6 
1, 2 
1, 5 
1, 2 
1, 3 
1, 2 
1, 6 
1, 2 
1, 2 
1, 2 
2, 4 
1, 2 
1, 2 
1, 5 
1, 2 
1, 2 
1, 2 
1, 2 
1, 2 
1, 2 
1, 2 
1, 2 
10, 28 
1, 2 
2, 4 
9, 23 
1, 2 
5, 9 
1, 2 
2, 7 
1, 2 
1, 2 
1, 2 
4, 8 
1, 6 
1, 6 
1, 6 
1, 2 
3, 6 
1, 2 
1, 6 
1, 2 
1, 2 
1, 6 
1, 2 
1, 2 
3, 10 
5, 21 
1, 2 
1, 2 
1, 2 
1, 6 
4, 15 
1, 2 
2, 4 
1, 2 
1, 2 
1, 2 
1, 2 
1, 6 
1, 2 
1, 7 
1, 2 
1, 3 
1, 2 
1, 7 
3, 12 
4, 11 
7, 22 
8, 24 
1, 4 
1, 4 
2, 8 
1, 2 
1, 4 
1, 4 
1, 2 
2, 8 
2, 8 
1, 2 
1, 2 
1, 3 
3, 14 
1, 4 
1, 3 
1, 2 
1, 3 
1, 2 
1, 2 
1, 2 
1, 5 
1, 3 
3, 6 
1, 3 
1, 5 
2, 5 
2, 8 
1, 3 
6, 17 
2, 5 
6, 17 
3, 10 
1, 4 
6, 16 
1, 4 
1, 4 
1, 4 
6, 16 
6, 16 
7, 17 
6, 16 
6, 16 
3, 5 
1, 2 
1, 3 
1, 5 
1, 9 
5, 16 
5, 23 
1, 2 
19, 67 
12, 53 
10, 46 
7, 21 
67, 163 
5, 11 
6, 15 
22, 55 
2, 14 
2, 9 
3, 7 
10, 29 
2, 6 
4, 10 
5, 15 
1, 2 
1, 2 
4, 7 
7, 22 
7, 23 
18, 47 
7, 23 
1, 9 
3, 11 
2, 28 
1, 2 
1, 2 
1, 2 
1, 2 
1, 2 
1, 2 
1, 2 
1, 2 
1, 2 
1, 2 
1, 2 
1, 2 
1, 2 
1, 2 
1, 2 
1, 2 
1, 2 
1, 2 
1, 2 
1, 2 
14, 38 
2, 6 
3, 6 
2, 7 
9, 19 
8, 23 
8, 10 
1, 1 
9, 20 
6, 7 
5, 11 
2, 6 
1, 2 
19, 30 
1, 2 
1, 2 
1, 2 
1, 2 
1, 2 
1, 2 
5, 13 
3, 10 
2, 7 
2, 6 
1, 2 
1, 7 
1, 1 
1, 1 
1, 2 
1, 1 
2, 8 
1, 2 
1, 1 
57, 130 
1, 2 
1, 2 
1, 2 
1, 2 
1, 2 
1, 2 
1, 2 
1, 2 
1, 2 
1, 2 
1, 4 
28, 90 
8, 15 
4, 16 
5, 13 
8, 25 
3, 12 
1, 2 
1, 3 
5, 14 
1, 3 
1, 2 
1, 3 
1, 3 
1, 2 
1, 2 
3, 6 
9, 20 
3, 6 
9, 20 
9, 20 
1, 2 
1, 4 
1, 4 
3, 6 
3, 6 
9, 20 
3, 6 
3, 10 
2, 6 
1, 2 
2, 5 
1, 5 
1, 2 
7, 18 
19, 33 
4, 7 
6, 14 
1, 2 
12, 31 
3, 9 
6, 16 
1, 2 
3, 9 
3, 10 
3, 9 
5, 12 
5, 14 
1, 2 
1, 3 
1, 2 
1, 3 
1, 1 
1, 1 
1, 1 
1, 1 
1, 1 
1, 1 
1, 1 
1, 1 
1, 2 
1, 1 
1, 1 
1, 1 
1, 1 
1, 1 
1, 1 
1, 1 
1, 1 
1, 1 
1, 2 
1, 1 
1, 1 
1, 1 
1, 1 
1, 1 
1, 2 
1, 3 
1, 2 
1, 2 
1, 2 
1, 2 
1, 3 
1, 2 
1, 3 
1, 2 
1, 2 
1, 2 
1, 2 
2, 6 
1, 2 
2, 11 
5, 13 
4, 9 
1, 4 
1, 2 
1, 2 
1, 2 
1, 2 
1, 3 
1, 2 
1, 2 
1, 2 
1, 2 
6, 24 
2, 4 
2, 8 
1, 3 
1, 3 
1, 2 
2, 4 
1, 2 
10, 32 
1, 2 
1, 3 
2, 4 
2, 8 
1, 3 
1, 3 
1, 2 
1, 2 
5, 11 
5, 12 
6, 17 
6, 12 
3, 14 
5, 11 
1, 1 
1, 3 
12, 29 
1, 4 
1, 4 
3, 7 
1, 3 
1, 3 
1, 2 
1, 2 
1, 2 
1, 2 
1, 2 
1, 2 
1, 2 
1, 2 
3, 15 
4, 14 
5, 9 
3, 6 
1, 1 
1, 2 
6, 23 
1, 2 
1, 2 
2, 4 
5, 12 
7, 17 
1, 3 
1, 3 
1, 3 
1, 3 
1, 3 
1, 3 
1, 2 
1, 2 
1, 3 
1, 2 
1, 3 
1, 2 
1, 2 
1, 2 
1, 2 
4, 10 
4, 10 
2, 6 
1, 3 
1, 3 
1, 3 
1, 3 
1, 3 
1, 3 
1, 3 
1, 3 
1, 5 
1, 5 
1, 2 
1, 2 
1, 2 
1, 3 
1, 2 
1, 2 
1, 2 
1, 2 
1, 3 
1, 3 
7, 22 
1, 2 
1, 2 
8, 23 
5, 8 
7, 21 
19, 53 
2, 10 
1, 1 
2, 5 
3, 9 
3, 7 
2, 4 
1, 2 
1, 2 
1, 2 
1, 2 
1, 2 
1, 2 
1, 2 
1, 2 
1, 2 
1, 2 
1, 2 
1, 3 
1, 2 
10, 22 
1, 1 
1, 2 
1, 2 
6, 20 
15, 81 
1, 3 
27, 62 
1, 2 
31, 73 
3, 5 
1, 4 
9, 24 
1, 2 
2, 2 
1, 1 
1, 1 
1, 1 
1, 2 
1, 2 
4, 7 
6, 30 
1, 3 
1, 2 
1, 2 
1, 2 
1, 2 
1, 2 
1, 2 
1, 3 
1, 2 
1, 2 
1, 2 
1, 2 
1, 2 
1, 2 
1, 2 
1, 2 
1, 2 
1, 2 
1, 2 
3, 7 
1, 1 
1, 1 
1, 3 
1, 2 
1, 2 
1, 2 
1, 2 
1, 2 
1, 3 
1, 2 
1, 2 
1, 2 
1, 2 
1, 2 
1, 2 
1, 2 
1, 2 
1, 2 
1, 2 
1, 2 
1, 2 
1, 2 
1, 2 
1, 2 
1, 1 
1, 1 
1, 1 
1, 2 
7, 27 
8, 33 
1, 2 
3, 7 
3, 8 
3, 8 
3, 7 
3, 8 
3, 8 
3, 8 
6, 16 
1, 2 
1, 2 
3, 12 
2, 5 
1, 2 
1, 2 
6, 21 
1, 2 
1, 2 
1, 2 
1, 2 
1, 2 
1, 2 
4, 8 
1, 3 
2, 20 
1, 2 
3, 6 
3, 8 
2, 6 
3, 9 
3, 11 
2, 9 
1, 2 
9, 17 
4, 15 
1, 2 
1, 2 
1, 2 
1, 2 
1, 2 
1, 2 
1, 2 
1, 2 
1, 2 
1, 5 
4, 11 
7, 16 
17, 29 
1, 3 
3, 5 
2, 4 
2, 4 
1, 2 
1, 2 
1, 2 
1, 2 
1, 2 
1, 2 
1, 2 
1, 2 
1, 2 
1, 1 
1, 1 
1, 1 
1, 1 
1, 1 
1, 1 
1, 1 
1, 1 
1, 1 
1, 1 
1, 1 
9, 28 
13, 37 
4, 14 
15, 57 
6, 15 
1, 5 
25, 194 
1, 5 
1, 5 
3, 13 
1, 5 
3, 9 
5, 25 
10, 25 
5, 7 
6, 24 
8, 21 
5, 14 
1, 2 
1, 2 
1, 2 
1, 2 
1, 2 
1, 2 
1, 2 
1, 2 
11, 53 
1, 2 
1, 3 
1, 3 
3, 8 
2, 18 
1, 2 
1, 6 
26, 86 
4, 7 
4, 15 
8, 19 
6, 20 
1, 6 
2, 2 
1, 2 
2, 4 
1, 2 
2, 5 
1, 4 
2, 7 
1, 4 
1, 6 
1, 2 
1, 4 
1, 2 
1, 2 
1, 3 
13, 39 
1, 3 
1, 2 
1, 4 
1, 4 
1, 2 
1, 2 
2, 4 
1, 1 
1, 1 
1, 2 
1, 2 
1, 2 
1, 2 
1, 2 
1, 2 
13, 20 
1, 2 
2, 6 
1, 2 
1, 1 
1, 2 
3, 9 
15, 58 
2, 7 
2, 2 
6, 22 
4, 15 
4, 11 
6, 12 
4, 5 
1, 4 
1, 6 
1, 4 
1, 2 
1, 2 
1, 2 
1, 2 
1, 2 
1, 2 
1, 2 
1, 2 
2, 4 
6, 22 
1, 3 
1, 2 
2, 4 
3, 9 
1, 2 
1, 2 
6, 16 
1, 5 
13, 41 
1, 2 
1, 2 
1, 2 
3, 9 
1, 7 
1, 2 
1, 2 
1, 3 
1, 2 
1, 2 
1, 2 
1, 2 
1, 3 
1, 2 
1, 2 
1, 9 
1, 2 
1, 2 
11, 34 
5, 25 
2, 15 
8, 26 
8, 30 
11, 36 
1, 4 
1, 2 
1, 1 
1, 1 
1, 3 
2, 6 
4, 10 
1, 2 
1, 2 
2, 6 
2, 5 
2, 9 
1, 20 
1, 1 
1, 2 
1, 2 
1, 2 
1, 2 
1, 2 
1, 2 
1, 2 
1, 2 
1, 2 
1, 2 
1, 2 
5, 16 
3, 9 
2, 9 
1, 20 
3, 5 
2, 5 
2, 8 
1, 3 
2, 5 
3, 5 
3, 6 
2, 4 
2, 4 
2, 4 
1, 2 
2, 4 
1, 2 
2, 4 
1, 2 
1, 1 
1, 2 
1, 2 
1, 2 
1, 2 
43, 181 
3, 11 
1, 2 
3, 15 
1, 2 
3, 15 
13, 20 
1, 2 
3, 4 
1, 2 
1, 2 
1, 2 
1, 2 
1, 2 
1, 2 
4, 7 
3, 12 
5, 10 
1, 2 
1, 1 
1, 1 
1, 2 
1, 1 
1, 1 
1, 2 
1, 1 
1, 2 
1, 2 
1, 1 
1, 1 
1, 1 
1, 3 
2, 5 
1, 2 
1, 2 
1, 2 
1, 2 
1, 2 
1, 2 
1, 2 
1, 2 
1, 2 
1, 2 
1, 2 
1, 2 
1, 2 
1, 2 
1, 2 
1, 2 
5, 13 
1, 1 
1, 2 
6, 12 
6, 12 
4, 8 
4, 8 
1, 2 
1, 2 
1, 2 
4, 9 
1, 2 
8, 30 
2, 6 
4, 9 
1, 2 
2, 6 
2, 4 
2, 6 
2, 6 
1, 1 
1, 1 
1, 1 
1, 1 
1, 1 
1, 1 
1, 1 
1, 1 
1, 1 
1, 1 
1, 1 
1, 1 
1, 1 
1, 1 
1, 1 
1, 1 
1, 1 
1, 1 
1, 1 
1, 1 
1, 1 
1, 1 
1, 1 
1, 1 
1, 1 
1, 1 
1, 1 
1, 1 
1, 1 
1, 1 
1, 1 
1, 1 
4, 14 
4, 13 
3, 11 
5, 12 
1, 3 
1, 1 
1, 2 
1, 2 
1, 2 
1, 1 
1, 2 
1, 2 
1, 1 
1, 1 
1, 2 
1, 1 
1, 2 
1, 2 
1, 2 
36, 114 
1, 2 
2, 5 
1, 1 
1, 1 
1, 2 
1, 2 
1, 2 
1, 1 
1, 2 
3, 5 
3, 9 
3, 6 
2, 4 
1, 4 
2, 4 
2, 5 
2, 5 
4, 11 
1, 2 
1, 3 
1, 5 
1, 2 
1, 2 
1, 2 
1, 2 
1, 5 
2, 4 
2, 6 
2, 6 
1, 6 
1, 1 
1, 3 
1, 3 
16, 38 
3, 9 
1, 2 
1, 2 
5, 19 
2, 7 
1, 7 
1, 2 
1, 3 
1, 2 
1, 2 
1, 2 
1, 2 
1, 2 
1, 5 
2, 6 
1, 6 
1, 2 
1, 4 
1, 4 
1, 2 
1, 2 
1, 2 
1, 2 
1, 2 
1, 2 
4, 12 
3, 8 
1, 2 
1, 2 
1, 2 
1, 2 
5, 17 
3, 14 
1, 3 
1, 2 
1, 2 
1, 2 
1, 2 
1, 7 
4, 10 
4, 7 
11, 18 
23, 49 
17, 61 
3, 6 
8, 24 
1, 2 
3, 8 
4, 10 
1, 4 
1, 44 
1, 5 
1, 10 
1, 4 
1, 6 
1, 80 
1, 5 
1, 2 
1, 2 
1, 2 
3, 13 
1, 3 
1, 2 
1, 2 
1, 3 
1, 2 
1, 2 
1, 3 
1, 1 
1, 1 
1, 5 
1, 2 
1, 2 
1, 2 
1, 2 
2, 7 
3, 13 
1, 3 
1, 2 
1, 2 
1, 2 
3, 4 
1, 3 
1, 3 
1, 2 
1, 3 
1, 4 
1, 2 
1, 2 
1, 2 
1, 2 
1, 1 
1, 1 
1, 2 
15, 26 
8, 13 
1, 2 
1, 2 
1, 2 
1, 2 
1, 2 
1, 2 
1, 2 
1, 2 
1, 2 
1, 2 
1, 2 
1, 2 
1, 2 
1, 3 
1, 2 
1, 2 
1, 2 
1, 2 
1, 2 
1, 2 
1, 2 
1, 2 
1, 2 
1, 2 
1, 2 
1, 2 
1, 2 
1, 2 
1, 2 
1, 2 
1, 2 
1, 2 
1, 2 
1, 2 
1, 2 
1, 2 
6, 11 
2, 5 
2, 5 
1, 1 
3, 8 
9, 28 
2, 3 
1, 2 
1, 6 
1, 2 
8, 16 
2, 2 
29, 67 
1, 2 
1, 2 
1, 2 
1, 2 
1, 2 
1, 2 
1, 2 
1, 2 
1, 2 
2, 7 
3, 11 
3, 12 
3, 12 
4, 13 
4, 13 
1, 2 
1, 2 
1, 2 
1, 2 
1, 2 
1, 2 
1, 2 
1, 2 
1, 2 
1, 2 
1, 2 
3, 11 
1, 2 
3, 5 
2, 5 
1, 3 
1, 2 
1, 4 
1, 2 
1, 2 
1, 2 
1, 2 
1, 2 
1, 2 
4, 11 
2, 6 
1, 2 
1, 2 
1, 2 
1, 2 
1, 2 
1, 2 
1, 2 
1, 2 
1, 2 
1, 2 
1, 2 
1, 2 
1, 1 
1, 2 
1, 2 
1, 2 
1, 2 
1, 2 
1, 1 
1, 1 
1, 1 
1, 2 
1, 1 
1, 2 
1, 2 
1, 2 
1, 2 
1, 2 
2, 4 
1, 2 
1, 2 
1, 2 
1, 2 
1, 2 
1, 2 
1, 2 
1, 2 
1, 2 
1, 2 
1, 2 
1, 2 
1, 2 
1, 2 
1, 2 
1, 2 
1, 2 
1, 2 
1, 2 
1, 2 
1, 2 
1, 2 
1, 2 
1, 2 
1, 2 
1, 2 
1, 2 
3, 6 
3, 6 
1, 1 
1, 1 
1, 2 
1, 2 
1, 2 
1, 2 
1, 2 
1, 2 
1, 2 
1, 2 
1, 2 
1, 1 
1, 1 
1, 1 
1, 2 
1, 1 
1, 1 
1, 1 
1, 5 
1, 17 
2, 12 
3, 10 
8, 26 
6, 17 
37, 85 
1, 2 
7, 19 
1, 5 
5, 6 
3, 10 
3, 8 
3, 4 
1, 2 
1, 2 
1, 2 
1, 2 
1, 1 
1, 1 
1, 1 
1, 1 
1, 1 
1, 2 
1, 2 
1, 11 
1, 2 
1, 2 
1, 2 
1, 2 
3, 5 
1, 2 
1, 2 
1, 2 
1, 2 
1, 2 
3, 5 
3, 8 
2, 4 
2, 3 
2, 4 
24, 144 
8, 33 
11, 61 
4, 17 
3, 7 
1, 3 
1, 2 
2, 5 
1, 2 
1, 2 
3, 10 
2, 3 
2, 7 
1, 2 
2, 4 
4, 8 
1, 2 
3, 3 
4, 10 
2, 3 
10, 28 
1, 2 
5, 16 
2, 4 
1, 2 
1, 2 
1, 2 
1, 2 
1, 2 
1, 3 
1, 3 
1, 3 
1, 3 
1, 3 
1, 3 
1, 2 
1, 1 
1, 1 
2, 8 
1, 2 
2, 4 
1, 2 
1, 2 
1, 2 
1, 2 
1, 2 
1, 2 
1, 2 
1, 2 
1, 2 
1, 2 
6, 14 
6, 11 
7, 14 
5, 10 
3, 18 
7, 19 
1, 3 
1, 2 
1, 2 
1, 2 
1, 2 
1, 2 
1, 2 
1, 2 
2, 4 
1, 2 
6, 20 
1, 2 
1, 2 
7, 16 
8, 23 
1, 2 
1, 2 
1, 3 
1, 2 
14, 37 
1, 2 
1, 2 
1, 2 
4, 8 
1, 2 
3, 9 
7, 21 
1, 2 
1, 10 
1, 2 
4, 20 
3, 22 
1, 6 
1, 5 
3, 10 
4, 20 
8, 14 
4, 9 
4, 33 
19, 112 
2, 4 
4, 20 
25, 100 
7, 36 
12, 53 
22, 87 
3, 8 
7, 30 
7, 26 
3, 13 
3, 6 
2, 23 
1, 5 
4, 37 
14, 40 
2, 4 
5, 23 
15, 62 
21, 53 
4, 9 
5, 23 
5, 16 
1, 2 
1, 2 
2, 7 
1, 2 
1, 2 
6, 16 
1, 2 
1, 2 
1, 3 
1, 2 
1, 2 
1, 2 
1, 22 
2, 7 
3, 58 
2, 4 
2, 4 
7, 16 
5, 14 
2, 9 
3, 15 
1, 5 
1, 2 
7, 28 
3, 10 
3, 4 
2, 7 
3, 24 
6, 67 
9, 22 
1, 10 
1, 2 
3, 22 
4, 9 
5, 23 
2, 4 
4, 20 
21, 132 
1, 1 
25, 100 
7, 36 
12, 53 
22, 87 
3, 8 
7, 30 
7, 26 
4, 8 
11, 73 
2, 23 
1, 5 
15, 81 
9, 26 
14, 40 
14, 40 
2, 4 
2, 12 
29, 102 
5, 23 
5, 23 
8, 17 
4, 13 
1, 23 
4, 21 
5, 51 
8, 55 
13, 52 
1, 9 
7, 33 
1, 4 
1, 4 
5, 16 
1, 2 
1, 2 
1, 2 
1, 2 
1, 2 
1, 2 
3, 4 
6, 16 
1, 3 
1, 2 
1, 2 
1, 2 
1, 2 
1, 2 
1, 22 
2, 19 
3, 58 
1, 2 
2, 4 
1, 2 
3, 5 
1, 2 
1, 2 
1, 1 
2, 4 
1, 2 
1, 2 
1, 7 
6, 21 
4, 9 
24, 64 
3, 14 
1, 4 
1, 2 
1, 2 
1, 2 
5, 18 
1, 3 
5, 27 
1, 7 
6, 21 
24, 64 
16, 36 
1, 2 
1, 2 
1, 2 
1, 2 
4, 10 
5, 18 
3, 14 
8, 49 
5, 27 
1, 3 
4, 10 
2, 3 
2, 3 
6, 32 
1, 3 
1, 3 
1, 4 
1, 3 
1, 2 
9, 26 
1, 2 
1, 2 
1, 2 
1, 2 
7, 24 
15, 29 
1, 3 
1, 4 
1, 3 
1, 2 
1, 4 
2, 7 
1, 2 
1, 2 
1, 2 
1, 2 
1, 2 
1, 2 
1, 2 
1, 2 
1, 2 
1, 2 
1, 2 
1, 2 
1, 2 
1, 2 
1, 2 
1, 2 
1, 2 
1, 2 
5, 17 
1, 1 
1, 4 
4, 13 
1, 3 
1, 2 
1, 4 
2, 7 
2, 5 
1, 2 
1, 2 
1, 1 
1, 2 
1, 2 
1, 2 
1, 2 
1, 2 
1, 2 
1, 2 
1, 2 
1, 2 
1, 2 
1, 2 
1, 2 
1, 2 
1, 2 
1, 2 
1, 2 
1, 2 
1, 2 
1, 2 
1, 3 
1, 2 
21, 70 
8, 33 
11, 34 
1, 2 
1, 2 
7, 17 
1, 2 
1, 2 
8, 16 
2, 2 
1, 2 
1, 2 
1, 2 
2, 2 
4, 3 
3, 2 
2, 2 
2, 2 
2, 2 
2, 2 
2, 2 
5, 11 
5, 11 
1, 3 
2, 11 
1, 2 
2, 5 
1, 2 
1, 2 
1, 4 
1, 2 
1, 2 
1, 2 
1, 2 
1, 2 
3, 8 
1, 2 
3, 5 
1, 2 
7, 15 
2, 8 
1, 2 
1, 2 
1, 2 
1, 2 
1, 2 
1, 2 
1, 2 
1, 2 
1, 2 
1, 2 
1, 2 
1, 2 
1, 2 
1, 2 
1, 2 
1, 2 
1, 2 
1, 2 
1, 2 
1, 2 
1, 2 
1, 2 
1, 2 
1, 2 
1, 2 
1, 2 
1, 2 
1, 2 
1, 2 
1, 2 
1, 2 
1, 2 
1, 2 
3, 8 
3, 12 
1, 7 
1, 5 
1, 5 
10, 34 
5, 19 
18, 35 
11, 29 
13, 13 
11, 18 
1, 2 
17, 55 
3, 34 
2, 6 
7, 16 
1, 2 
3, 10 
3, 12 
2, 13 
7, 21 
3, 10 
3, 8 
1, 15 
8, 19 
1, 3 
8, 15 
1, 2 
1, 2 
2, 11 
1, 79 
2, 5 
1, 2 
1, 2 
1, 1 
1, 2 
1, 1 
1, 2 
1, 2 
1, 2 
1, 2 
1, 2 
1, 2 
1, 2 
1, 2 
1, 3 
3, 3 
2, 3 
2, 3 
2, 3 
2, 3 
2, 3 
2, 3 
2, 3 
2, 3 
2, 3 
2, 3 
2, 3 
2, 3 
1, 2 
1, 2 
1, 2 
1, 2 
8, 23 
13, 32 
5, 10 
1, 2 
5, 12 
1, 2 
2, 10 
1, 1 
1, 2 
4, 9 
1, 2 
1, 2 
2, 2 
1, 2 
1, 2 
1, 2 
1, 2 
1, 2 
3, 9 
1, 2 
1, 2 
1, 2 
1, 2 
1, 2 
2, 8 
3, 11 
2, 5 
7, 21 
1, 5 
3, 7 
7, 21 
1, 2 
1, 3 
5, 20 
1, 3 
1, 2 
1, 3 
14, 32 
3, 7 
6, 14 
7, 21 
2, 4 
4, 14 
6, 17 
1, 2 
1, 2 
1, 2 
1, 2 
1, 2 
1, 2 
1, 2 
1, 2 
1, 2 
1, 2 
1, 2 
1, 2 
1, 2 
1, 2 
1, 2 
1, 2 
1, 5 
3, 8 
5, 10 
1, 1 
1, 1 
1, 3 
1, 3 
1, 2 
1, 10 
1, 3 
1, 3 
1, 1 
3, 2 
6, 13 
2, 4 
1, 2 
3, 6 
3, 15 
5, 12 
1, 1 
1, 1 
1, 1 
1, 5 
1, 2 
1, 3 
1, 3 
1, 1 
4, 8 
6, 15 
33, 69 
29, 61 
10, 23 
5, 13 
5, 13 
5, 13 
6, 15 
2, 6 
4, 8 
8, 16 
2, 4 
1, 5 
2, 5 
1, 3 
3, 4 
1, 19 
19, 55 
2, 4 
1, 3 
1, 2 
1, 2 
1, 2 
1, 2 
1, 2 
8, 28 
4, 35 
3, 8 
1, 2 
1, 2 
1, 2 
1, 2 
1, 2 
1, 2 
1, 2 
1, 2 
1, 2 
1, 2 
3, 6 
1, 2 
1, 2 
1, 2 
1, 2 
1, 2 
1, 2 
1, 2 
1, 2 
2, 4 
7, 16 
16, 50 
8, 19 
1, 3 
1, 2 
3, 6 
3, 5 
26, 81 
9, 26 
1, 3 
1, 2 
1, 2 
1, 2 
1, 1 
1, 2 
1, 2 
1, 2 
1, 2 
1, 2 
1, 2 
1, 2 
3, 4 
1, 2 
1, 2 
8, 18 
1, 2 
15, 42 
4, 11 
7, 15 
4, 7 
1, 3 
4, 12 
1, 4 
1, 2 
1, 2 
1, 2 
1, 2 
1, 2 
1, 2 
1, 2 
1, 2 
1, 2 
1, 2 
1, 2 
1, 2 
1, 2 
1, 2 
3, 7 
5, 20 
2, 5 
2, 5 
2, 6 
1, 2 
2, 5 
2, 5 
1, 1 
1, 2 
8, 27 
3, 7 
1, 2 
8, 23 
1, 9 
6, 13 
6, 14 
4, 9 
3, 7 
1, 2 
2, 4 
1, 2 
1, 2 
1, 2 
1, 2 
1, 2 
1, 2 
1, 2 
1, 2 
1, 2 
1, 2 
1, 2 
1, 2 
1, 2 
1, 2 
1, 2 
1, 2 
4, 15 
3, 4 
8, 17 
3, 6 
27, 49 
4, 6 
2, 3 
18, 50 
2, 5 
5, 12 
1, 1 
1, 2 
1, 2 
1, 2 
1, 2 
1, 2 
1, 2 
1, 2 
1, 2 
1, 2 
1, 2 
1, 2 
2, 4 
1, 2 
2, 6 
1, 2 
1, 2 
3, 7 
1, 2 
2, 4 
3, 4 
2, 4 
1, 2 
3, 6 
2, 6 
7, 8 
1, 4 
1, 2 
1, 2 
1, 2 
1, 2 
1, 2 
1, 2 
1, 2 
1, 3 
1, 3 
2, 5 
1, 4 
2, 5 
1, 4 
15, 63 
3, 6 
5, 13 
9, 42 
25, 110 
7, 18 
7, 18 
13, 38 
17, 40 
2, 3 
1, 2 
1, 2 
1, 2 
1, 2 
1, 2 
1, 2 
1, 2 
3, 7 
10, 29 
5, 13 
4, 6 
4, 4 
20, 50 
1, 2 
1, 4 
10, 27 
1, 2 
2, 3 
2, 6 
2, 11 
16, 34 
24, 58 
1, 2 
26, 49 
7, 26 
1, 2 
1, 1 
1, 1 
1, 1 
1, 1 
1, 1 
1, 1 
1, 1 
1, 1 
1, 1 
3, 4 
1, 1 
1, 1 
1, 1 
1, 1 
1, 1 
2, 6 
1, 1 
1, 1 
1, 2 
1, 3 
25, 76 
4, 9 
1, 3 
4, 9 
2, 5 
1, 3 
4, 9 
2, 5 
1, 3 
5, 10 
3, 9 
1, 1 
1, 1 
1, 1 
1, 1 
1, 1 
1, 1 
1, 1 
1, 3 
1, 2 
1, 2 
1, 2 
1, 1 
4, 9 
5, 5 
2, 5 
3, 7 
6, 23 
5, 8 
4, 15 
7, 19 
4, 13 
1, 2 
1, 2 
1, 2 
1, 2 
1, 2 
1, 2 
1, 2 
1, 2 
1, 3 
1, 2 
4, 13 
2, 11 
23, 40 
16, 34 
24, 58 
1, 2 
1, 2 
7, 26 
1, 1 
1, 1 
1, 1 
1, 1 
1, 1 
1, 1 
1, 1 
1, 1 
1, 1 
3, 3 
1, 1 
1, 1 
3, 4 
2, 3 
1, 1 
1, 1 
1, 1 
1, 1 
2, 6 
1, 1 
1, 1 
1, 2 
25, 76 
1, 3 
9, 22 
4, 17 
1, 2 
1, 3 
2, 4 
1, 2 
1, 4 
1, 1 
3, 10 
1, 2 
3, 17 
3, 9 
3, 9 
1, 2 
1, 2 
1, 2 
3, 7 
2, 4 
4, 9 
1, 2 
1, 2 
1, 1 
1, 3 
1, 2 
3, 10 
1, 2 
1, 2 
2, 6 
4, 13 
5, 18 
9, 17 
2, 5 
1, 1 
1, 2 
2, 4 
3, 13 
1, 2 
2, 2 
3, 5 
1, 2 
1, 2 
1, 4 
1, 4 
3, 5 
1, 6 
1, 5 
5, 11 
1, 2 
1, 4 
1, 6 
3, 8 
1, 2 
1, 4 
1, 1 
1, 4 
6, 32 
1, 2 
1, 2 
1, 3 
3, 8 
3, 7 
3, 7 
5, 23 
1, 2 
1, 2 
1, 3 
1, 4 
3, 8 
2, 5 
1, 2 
1, 4 
6, 20 
1, 2 
5, 13 
2, 3 
4, 7 
7, 19 
1, 2 
1, 3 
2, 3 
2, 3 
2, 3 
2, 3 
1, 2 
1, 2 
1, 3 
12, 17 
1, 3 
6, 12 
3, 9 
2, 11 
9, 22 
4, 7 
7, 27 
12, 31 
1, 6 
4, 19 
1, 2 
1, 2 
1, 2 
1, 2 
1, 2 
1, 3 
3, 9 
1, 2 
2, 7 
2, 8 
1, 2 
1, 2 
1, 2 
1, 2 
4, 11 
1, 2 
1, 2 
1, 2 
1, 4 
5, 19 
1, 2 
1, 2 
1, 3 
1, 3 
1, 8 
2, 3 
2, 3 
2, 3 
2, 3 
2, 3 
1, 2 
1, 8 
1, 2 
15, 16 
1, 2 
1, 11 
1, 2 
14, 38 
1, 8 
3, 12 
3, 8 
3, 15 
2, 4 
8, 15 
1, 2 
5, 6 
2, 2 
2, 2 
1, 1 
1, 1 
4, 12 
1, 2 
1, 2 
2, 3 
6, 11 
1, 2 
1, 2 
1, 2 
3, 4 
2, 3 
1, 8 
2, 3 
2, 3 
2, 29 
2, 18 
1, 8 
15, 16 
1, 2 
1, 11 
2, 5 
1, 2 
1, 2 
2, 5 
2, 5 
1, 2 
2, 4 
1, 4 
1, 2 
1, 2 
3, 11 
10, 35 
2, 7 
2, 5 
1, 2 
1, 2 
2, 5 
2, 5 
1, 2 
1, 2 
2, 4 
1, 4 
1, 2 
3, 9 
1, 2 
1, 2 
1, 2 
1, 2 
1, 2 
1, 2 
1, 2 
1, 2 
1, 2 
1, 2 
1, 4 
3, 9 
1, 2 
1, 3 
1, 2 
1, 3 
1, 2 
1, 2 
1, 4 
3, 9 
1, 3 
1, 3 
1, 2 
1, 3 
1, 2 
1, 3 
1, 2 
1, 2 
1, 3 
1, 2 
1, 2 
1, 2 
1, 3 
4, 4 
1, 3 
1, 2 
1, 2 
1, 2 
1, 3 
1, 2 
1, 2 
1, 2 
1, 2 
1, 2 
1, 2 
1, 2 
1, 3 
1, 2 
1, 2 
1, 2 
1, 3 
1, 2 
1, 2 
1, 2 
1, 2 
1, 3 
1, 2 
1, 2 
1, 3 
1, 2 
1, 2 
1, 2 
1, 2 
1, 2 
1, 2 
1, 2 
1, 3 
1, 2 
1, 2 
1, 2 
1, 3 
1, 2 
1, 2 
1, 2 
1, 2 
1, 2 
1, 2 
1, 2 
1, 3 
1, 2 
1, 2 
1, 2 
1, 2 
1, 2 
1, 2 
1, 2 
1, 2 
1, 2 
1, 2 
1, 2 
1, 21 
1, 3 
1, 15 
1, 2 
1, 2 
1, 2 
2, 5 
1, 2 
1, 2 
1, 2 
1, 2 
1, 2 
1, 2 
1, 2 
1, 2 
1, 2 
1, 2 
1, 2 
1, 2 
1, 2 
1, 2 
4, 11 
4, 9 
1, 2 
1, 2 
1, 2 
1, 2 
1, 2 
1, 2 
1, 2 
4, 9 
1, 2 
1, 3 
1, 2 
1, 2 
4, 13 
1, 2 
1, 2 
1, 2 
1, 2 
1, 2 
1, 2 
2, 4 
1, 2 
1, 2 
3, 16 
1, 2 
1, 4 
1, 2 
1, 2 
1, 2 
3, 5 
1, 2 
3, 5 
3, 7 
1, 2 
1, 10 
1, 2 
1, 2 
6, 11 
6, 14 
1, 2 
1, 2 
2, 2 
1, 2 
1, 2 
1, 3 
1, 2 
2, 5 
1, 2 
1, 2 
1, 1 
2, 3 
1, 3 
1, 2 
1, 3 
1, 2 
1, 2 
1, 2 
1, 2 
1, 3 
1, 3 
1, 3 
1, 3 
1, 3 
1, 3 
1, 3 
1, 3 
1, 3 
1, 3 
1, 2 
1, 2 
1, 4 
1, 7 
1, 2 
1, 2 
1, 2 
1, 2 
1, 2 
4, 15 
6, 15 
1, 2 
1, 2 
1, 2 
1, 2 
1, 2 
1, 2 
1, 2 
1, 2 
3, 8 
1, 2 
1, 2 
1, 2 
1, 2 
1, 2 
1, 2 
1, 2 
1, 2 
1, 2 
1, 2 
1, 3 
1, 2 
1, 4 
3, 9 
1, 2 
1, 3 
1, 2 
1, 3 
1, 2 
1, 2 
1, 4 
3, 9 
1, 2 
1, 2 
1, 3 
1, 2 
1, 2 
1, 2 
1, 2 
1, 2 
1, 3 
1, 3 
1, 2 
1, 2 
1, 3 
1, 2 
1, 3 
1, 2 
1, 2 
1, 2 
1, 2 
1, 2 
1, 2 
1, 3 
1, 2 
1, 2 
1, 2 
1, 2 
1, 3 
1, 2 
1, 2 
1, 2 
1, 3 
1, 2 
1, 2 
1, 2 
1, 3 
1, 2 
1, 3 
1, 2 
1, 2 
1, 2 
1, 2 
1, 2 
1, 3 
1, 2 
1, 2 
1, 3 
1, 2 
1, 2 
1, 2 
1, 3 
1, 2 
1, 2 
1, 2 
1, 2 
1, 3 
1, 2 
1, 2 
1, 2 
1, 2 
1, 2 
1, 2 
1, 2 
1, 2 
1, 2 
1, 2 
1, 21 
1, 2 
1, 2 
1, 2 
1, 2 
1, 2 
1, 2 
1, 2 
1, 2 
1, 2 
1, 2 
1, 2 
1, 2 
1, 2 
1, 2 
1, 2 
1, 2 
1, 2 
4, 11 
4, 13 
1, 2 
1, 2 
1, 2 
1, 2 
1, 2 
4, 9 
5, 13 
1, 4 
1, 2 
1, 2 
1, 3 
1, 2 
1, 2 
4, 13 
1, 2 
1, 2 
1, 2 
1, 2 
1, 2 
1, 2 
1, 4 
1, 2 
1, 2 
3, 5 
3, 7 
2, 4 
1, 2 
1, 11 
2, 3 
1, 10 
1, 2 
1, 2 
1, 2 
1, 2 
1, 2 
6, 11 
1, 2 
1, 2 
3, 3 
1, 2 
1, 2 
1, 2 
1, 3 
1, 2 
2, 5 
2, 6 
1, 2 
1, 2 
2, 3 
1, 3 
1, 3 
1, 2 
1, 2 
1, 2 
1, 2 
1, 2 
1, 2 
1, 3 
1, 3 
1, 3 
1, 3 
1, 3 
1, 3 
1, 3 
1, 3 
1, 3 
1, 3 
1, 3 
1, 2 
1, 2 
2, 6 
1, 2 
6, 14 
1, 3 
9, 16 
1, 2 
7, 14 
1, 3 
3, 8 
2, 7 
10, 30 
1, 2 
1, 1 
1, 1 
1, 1 
1, 1 
1, 1 
1, 1 
1, 1 
1, 1 
5, 47 
1, 2 
1, 2 
1, 2 
1, 2 
1, 2 
1, 2 
16, 50 
5, 15 
4, 11 
1, 2 
1, 2 
1, 2 
1, 2 
1, 1 
4, 7 
1, 21 
1, 7 
1, 1 
1, 1 
1, 1 
1, 1 
1, 1 
1, 1 
1, 1 
1, 1 
1, 1 
1, 1 
1, 1 
1, 1 
1, 1 
1, 1 
1, 1 
1, 1 
1, 1 
1, 1 
1, 1 
1, 1 
1, 1 
1, 1 
1, 2 
1, 2 
1, 2 
3, 6 
4, 7 
1, 21 
1, 1 
1, 1 
1, 1 
1, 1 
1, 1 
1, 1 
1, 4 
1, 2 
1, 2 
1, 2 
1, 2 
1, 2 
1, 2 
1, 3 
3, 16 
5, 21 
4, 11 
1, 2 
1, 2 
1, 2 
1, 2 
1, 2 
1, 2 
1, 3 
1, 4 
1, 2 
2, 4 
1, 2 
1, 2 
1, 2 
3, 13 
1, 8 
1, 1 
1, 1 
1, 1 
1, 1 
1, 1 
1, 1 
1, 1 
1, 1 
1, 1 
1, 1 
1, 1 
1, 1 
1, 1 
1, 2 
2, 5 
1, 3 
1, 3 
3, 5 
3, 5 
1, 2 
2, 3 
2, 5 
1, 2 
1, 2 
2, 10 
1, 3 
1, 3 
1, 3 
1, 3 
1, 3 
1, 4 
3, 5 
1, 2 
2, 3 
2, 5 
13, 61 
5, 13 
3, 12 
1, 2 
5, 14 
6, 17 
1, 5 
1, 5 
1, 5 
13, 148 
1, 2 
1, 2 
3, 4 
1, 1 
1, 2 
3, 11 
1, 2 
8, 30 
7, 35 
6, 20 
2, 5 
1, 2 
4, 7 
7, 30 
2, 6 
11, 74 
15, 108 
3, 6 
6, 15 
13, 30 
5, 16 
7, 17 
5, 13 
4, 11 
2, 9 
5, 22 
4, 15 
9, 29 
1, 2 
2, 10 
1, 1 
8, 24 
1, 14 
8, 15 
4, 10 
25, 80 
9, 29 
8, 32 
3, 9 
1, 3 
2, 4 
1, 3 
1, 3 
1, 3 
1, 3 
8, 31 
1, 2 
3, 7 
1, 2 
1, 2 
1, 2 
1, 2 
1, 2 
1, 2 
1, 3 
1, 2 
1, 2 
1, 2 
1, 2 
1, 2 
1, 2 
1, 2 
1, 2 
1, 2 
1, 2 
1, 2 
1, 2 
1, 2 
1, 2 
1, 2 
1, 2 
1, 2 
1, 2 
1, 2 
12, 30 
3, 22 
8, 12 
9, 17 
5, 13 
1, 2 
1, 2 
1, 2 
1, 2 
6, 14 
1, 2 
1, 2 
1, 2 
1, 2 
1, 5 
2, 7 
1, 5 
2, 7 
1, 2 
1, 2 
1, 2 
1, 2 
1, 2 
1, 3 
1, 2 
1, 1 
1, 2 
1, 2 
1, 2 
1, 2 
1, 2 
3, 12 
13, 33 
12, 35 
1, 2 
1, 2 
12, 19 
1, 2 
1, 2 
1, 2 
1, 2 
1, 2 
1, 2 
1, 2 
1, 2 
1, 2 
1, 2 
1, 2 
1, 2 
1, 2 
1, 2 
1, 2 
1, 2 
1, 2 
1, 2 
1, 2 
1, 2 
4, 14 
5, 18 
1, 2 
1, 4 
7, 21 
1, 1 
2, 13 
2, 6 
1, 3 
1, 3 
3, 8 
1, 2 
1, 2 
1, 3 
1, 2 
2, 5 
1, 2 
1, 2 
1, 5 
6, 16 
1, 2 
1, 2 
16, 44 
1, 2 
1, 2 
1, 2 
1, 2 
1, 2 
1, 2 
1, 2 
6, 12 
1, 2 
2, 5 
1, 2 
1, 2 
8, 16 
1, 2 
1, 3 
1, 2 
1, 2 
1, 2 
9, 26 
1, 10 
5, 28 
1, 2 
3, 6 
1, 2 
1, 2 
1, 2 
2, 11 
1, 3 
1, 3 
2, 3 
3, 10 
3, 4 
3, 7 
1, 2 
1, 2 
1, 2 
1, 2 
1, 2 
4, 19 
5, 9 
2, 5 
1, 2 
1, 3 
2, 4 
2, 4 
1, 2 
5, 9 
1, 4 
2, 5 
1, 2 
1, 4 
1, 2 
1, 2 
13, 39 
1, 2 
2, 6 
1, 3 
1, 2 
1, 14 
2, 11 
13, 21 
1, 2 
1, 2 
2, 6 
2, 6 
1, 2 
1, 2 
4, 8 
3, 4 
6, 23 
7, 15 
1, 7 
2, 15 
1, 2 
2, 13 
2, 9 
2, 9 
1, 7 
1, 7 
1, 3 
3, 38 
1, 15 
2, 13 
3, 10 
2, 8 
1, 4 
1, 4 
1, 4 
1, 5 
1, 4 
1, 9 
1, 10 
1, 1 
1, 3 
1, 5 
1, 3 
1, 2 
1, 2 
1, 2 
2, 6 
1, 2 
1, 2 
1, 2 
3, 9 
1, 1 
1, 2 
1, 4 
2, 3 
2, 4 
2, 4 
5, 8 
3, 9 
2, 6 
3, 9 
1, 2 
1, 2 
1, 2 
13, 38 
1, 3 
2, 5 
3, 8 
2, 7 
1, 2 
1, 2 
2, 4 
2, 4 
1, 2 
2, 5 
1, 1 
2, 5 
1, 1 
9, 25 
1, 1 
1, 2 
1, 1 
2, 4 
1, 1 
1, 1 
1, 2 
1, 1 
2, 6 
1, 1 
1, 3 
1, 2 
1, 1 
2, 4 
1, 1 
1, 1 
1, 1 
1, 1 
1, 2 
2, 5 
1, 1 
2, 5 
1, 1 
1, 2 
1, 2 
1, 1 
1, 1 
1, 2 
1, 1 
1, 2 
1, 2 
1, 2 
2, 6 
1, 2 
2, 6 
1, 2 
1, 2 
2, 8 
1, 2 
1, 1 
1, 1 
63, 409 
3, 10 
2, 3 
8, 18 
45, 121 
7, 25 
13, 21 
36, 53 
17, 28 
1, 2 
2, 5 
2, 5 
1, 2 
1, 2 
1, 2 
1, 2 
1, 2 
1, 3 
1, 2 
1, 3 
1, 2 
1, 2 
1, 2 
1, 2 
1, 2 
1, 3 
1, 2 
3, 8 
1, 2 
1, 3 
5, 12 
8, 20 
1, 2 
3, 5 
1, 3 
1, 2 
1, 3 
1, 2 
1, 2 
1, 3 
1, 2 
1, 3 
1, 2 
1, 4 
1, 3 
1, 2 
2, 5 
3, 12 
2, 6 
3, 13 
4, 15 
3, 11 
1, 7 
1, 2 
1, 2 
6, 24 
7, 22 
8, 25 
1, 3 
7, 27 
2, 5 
2, 8 
1, 3 
1, 2 
2, 8 
2, 8 
2, 10 
5, 16 
1, 1 
1, 2 
1, 2 
1, 2 
1, 2 
1, 4 
1, 2 
1, 2 
1, 2 
12, 63 
1, 2 
1, 2 
1, 2 
1, 2 
1, 2 
1, 2 
1, 2 
1, 2 
2, 4 
1, 2 
1, 2 
1, 2 
4, 6 
1, 2 
1, 2 
1, 2 
1, 2 
1, 2 
1, 2 
1, 2 
1, 2 
10, 32 
2, 7 
3, 6 
1, 2 
1, 2 
3, 8 
3, 10 
2, 4 
3, 9 
2, 6 
3, 8 
2, 6 
2, 6 
2, 6 
7, 22 
1, 2 
1, 2 
4, 11 
9, 27 
8, 24 
6, 18 
2, 7 
1, 2 
4, 9 
2, 4 
2, 4 
2, 4 
4, 11 
1, 2 
1, 2 
1, 3 
1, 2 
1, 1 
1, 2 
2, 4 
1, 2 
1, 2 
1, 2 
1, 2 
1, 2 
2, 3 
7, 13 
1, 2 
1, 2 
1, 2 
3, 8 
1, 2 
1, 2 
2, 5 
1, 2 
1, 2 
1, 2 
3, 6 
1, 2 
2, 4 
1, 2 
1, 2 
1, 2 
2, 5 
2, 5 
1, 2 
6, 11 
1, 2 
2, 4 
1, 2 
1, 2 
1, 2 
1, 2 
3, 9 
1, 2 
5, 10 
27, 88 
3, 8 
6, 27 
25, 77 
3, 9 
7, 21 
20, 65 
6, 6 
1, 1 
1, 1 
1, 3 
1, 2 
1, 3 
1, 2 
1, 4 
1, 1 
1, 3 
1, 2 
2, 4 
1, 2 
1, 2 
1, 2 
1, 2 
2, 4 
1, 15 
2, 5 
1, 2 
1, 2 
3, 3 
1, 2 
1, 2 
1, 2 
1, 2 
1, 2 
1, 2 
1, 2 
1, 2 
1, 2 
1, 2 
1, 2 
1, 2 
1, 2 
1, 2 
1, 2 
1, 2 
2, 6 
3, 4 
3, 7 
3, 6 
1, 2 
2, 4 
1, 2 
1, 2 
7, 15 
1, 2 
1, 2 
1, 2 
1, 2 
3, 7 
1, 2 
1, 2 
3, 7 
1, 2 
1, 2 
1, 2 
1, 2 
1, 2 
1, 2 
1, 2 
4, 9 
4, 9 
4, 9 
1, 2 
1, 2 
1, 2 
1, 2 
1, 2 
1, 2 
2, 4 
2, 6 
1, 1 
1, 2 
1, 3 
1, 3 
1, 3 
1, 7 
1, 3 
1, 2 
2, 8 
7, 17 
1, 5 
1, 5 
1, 4 
1, 2 
1, 2 
5, 13 
1, 10 
2, 5 
1, 7 
1, 5 
5, 14 
1, 2 
1, 5 
3, 9 
1, 2 
1, 2 
1, 1 
1, 2 
1, 2 
1, 2 
3, 13 
1, 2 
1, 2 
1, 2 
1, 2 
1, 2 
1, 2 
1, 2 
1, 2 
1, 4 
1, 4 
1, 2 
1, 2 
1, 2 
1, 2 
1, 2 
1, 2 
11, 37 
1, 9 
4, 13 
1, 7 
2, 11 
1, 4 
5, 18 
6, 28 
1, 2 
1, 9 
1, 2 
1, 7 
5, 13 
1, 5 
5, 13 
3, 9 
1, 2 
1, 2 
1, 2 
1, 2 
1, 2 
1, 2 
3, 13 
1, 2 
1, 2 
1, 2 
1, 2 
1, 2 
1, 2 
1, 2 
1, 2 
1, 2 
1, 2 
1, 2 
1, 2 
11, 37 
1, 9 
4, 13 
2, 11 
1, 4 
5, 18 
1, 2 
1, 2 
2, 5 
2, 5 
1, 2 
1, 2 
1, 2 
1, 2 
1, 2 
1, 2 
1, 2 
2, 5 
2, 5 
2, 5 
2, 5 
1, 2 
1, 2 
2, 5 
1, 2 
1, 2 
1, 2 
1, 2 
1, 2 
1, 2 
6, 15 
4, 7 
4, 8 
3, 66 
1, 6 
1, 2 
1, 2 
1, 2 
1, 2 
1, 2 
1, 4 
1, 2 
1, 2 
1, 2 
1, 2 
1, 2 
1, 2 
1, 2 
1, 2 
1, 2 
1, 2 
1, 2 
1, 2 
1, 2 
1, 2 
1, 2 
1, 6 
1, 3 
1, 10 
1, 3 
2, 6 
1, 3 
2, 4 
1, 3 
2, 5 
6, 14 
3, 8 
1, 7 
1, 2 
1, 2 
1, 3 
5, 9 
5, 9 
7, 12 
5, 9 
1, 2 
1, 2 
1, 2 
1, 3 
1, 1 
1, 3 
1, 2 
1, 3 
1, 2 
1, 2 
1, 2 
1, 1 
1, 3 
1, 2 
1, 3 
1, 2 
1, 2 
1, 3 
1, 1 
1, 2 
1, 2 
1, 2 
2, 8 
3, 7 
1, 3 
1, 2 
1, 2 
2, 8 
1, 4 
4, 12 
1, 2 
9, 29 
2, 4 
4, 12 
6, 14 
13, 51 
7, 18 
3, 7 
8, 15 
12, 25 
1, 3 
1, 2 
1, 2 
4, 16 
12, 47 
4, 19 
5, 14 
1, 3 
1, 3 
1, 2 
2, 4 
1, 4 
1, 2 
5, 17 
1, 21 
1, 2 
1, 3 
1, 2 
1, 2 
1, 2 
1, 2 
4, 10 
4, 16 
2, 3 
1, 3 
4, 6 
1, 2 
1, 2 
1, 1 
3, 7 
3, 8 
4, 8 
2, 6 
1, 2 
2, 7 
1, 2 
1, 2 
2, 5 
2, 4 
15, 36 
1, 1 
1, 2 
1, 4 
3, 7 
3, 8 
4, 8 
3, 5 
4, 7 
1, 2 
1, 2 
1, 2 
2, 3 
5, 6 
1, 5 
1, 2 
1, 2 
1, 2 
2, 3 
5, 6 
1, 7 
5, 17 
8, 21 
3, 8 
1, 2 
1, 2 
2, 4 
1, 3 
1, 7 
1, 1 
11, 28 
15, 36 
39, 32 
1, 2 
3, 7 
9, 18 
10, 33 
26, 61 
30, 90 
14, 27 
7, 16 
1, 7 
5, 17 
8, 21 
3, 8 
1, 2 
1, 2 
1, 2 
2, 4 
4, 13 
33, 86 
15, 44 
12, 25 
1, 2 
1, 1 
1, 2 
1, 2 
1, 2 
1, 1 
1, 2 
1, 2 
1, 3 
1, 3 
1, 2 
1, 2 
5, 18 
1, 3 
1, 1 
1, 2 
1, 2 
2, 7 
1, 2 
1, 2 
1, 1 
1, 2 
1, 2 
1, 2 
1, 2 
2, 3 
2, 3 
3, 5 
3, 5 
2, 4 
1, 2 
1, 1 
1, 1 
1, 1 
1, 1 
1, 1 
1, 2 
1, 2 
1, 2 
1, 2 
1, 6 
3, 3 
1, 2 
3, 4 
1, 2 
1, 2 
1, 2 
1, 2 
1, 2 
1, 2 
1, 2 
2, 4 
1, 2 
1, 2 
1, 2 
1, 2 
5, 13 
2, 12 
3, 7 
1, 2 
2, 3 
1, 1 
4, 14 
7, 12 
4, 11 
4, 13 
1, 1 
2, 8 
1, 2 
6, 14 
3, 8 
3, 8 
1, 2 
1, 4 
9, 23 
1, 2 
1, 2 
1, 2 
1, 2 
1, 2 
1, 2 
2, 5 
2, 5 
1, 3 
1, 2 
1, 2 
2, 4 
2, 5 
2, 2 
6, 13 
1, 2 
2, 5 
1, 2 
1, 1 
7, 18 
2, 6 
1, 2 
1, 2 
1, 2 
1, 2 
2, 2 
1, 2 
1, 2 
2, 5 
1, 2 
1, 4 
1, 34 
1, 3 
1, 2 
2, 6 
1, 2 
1, 2 
1, 2 
1, 2 
1, 2 
6, 29 
5, 23 
5, 14 
8, 32 
3, 10 
1, 2 
1, 2 
1, 2 
3, 12 
